Year,State_UT,Acetic_Anhydride_Kg,ATS_Kg,Anthralic_Acid_Kg,Cocaine_Kg,Codeine_Kg,Codeine_Litre,CBCS_Litre,Ephedrine_Kg,Fentanyl_HCL_Kg,Ganja_Kg,Hashish_Kg,Hashish_Oil_Kg,Heroin_Kg,Ketamine_Kg,Khat_Leaves_Kg,LSD_Blots,LSD_Kg,MDMA_Kg,Mephedrone_Kg,Mescaline_Kg,Mandrax_Kg,Morphine_Kg,Morphine_Litre,Opium_Kg,Phensidyl_No,Poppy_Husk_Straw_Kg,Injection_No,CBCS_Bottle,Tablets_Kg,Tablets_No,Total_Cases,Total_Arrested,Is_Total_Row,Total_Kg,Total_Litre,Total_Units,Border_State,Coastal_State,Arrest_Rate,Drug_Diversity,Total_Quantity,Growth_Rate,Risk_Index
2018,Andaman and Nicobar Islands,0.0,0.0,0.0,0.0,0.0,0.0,0.0,0.0,0.0,64.0,0.0,0.0,0.0,0.0,0.0,0.0,0.0,0.0,0.0,0.0,0.0,0.0,0.0,0.0,0.0,0.0,0.0,0.0,0.0,0.0,49.0,59.0,False,64.0,0.0,0.0,0,0,1.2040816326530612,2,64.0,0.0,0.00044967426863653446
2019,Andaman and Nicobar Islands,0.0,0.0,0.0,0.0,0.0,0.0,0.0,0.0,0.0,115.0,0.0,0.0,0.0,0.0,0.0,0.0,0.0,0.0,0.0,0.0,0.0,0.0,0.0,0.0,0.0,0.0,0.0,677.0,0.0,10931.0,133.0,166.0,False,115.0,0.0,11608.0,0,0,1.2481203007518797,3,11723.0,182.171875,0.01561856943106746
2020,Andaman and Nicobar Islands,0.0,66.39,0.0,0.0,0.02,0.0,0.0,0.0,0.0,95.0,0.44,0.0,0.0,0.0,0.0,0.0,0.0,0.0,0.0,0.0,0.0,0.0,0.0,0.0,0.0,0.0,0.0,96.0,0.0,825.0,58.0,96.0,False,161.85,0.0,921.0,0,0,1.6551724137931034,6,1082.85,-0.9076302994114135,0.05768592016076622
2021,Andaman and Nicobar Islands,0.0,32.55,0.0,0.0,0.0,0.0,0.0,0.0,0.0,26.0,0.0,0.0,0.0,0.0,0.0,0.0,0.0,0.0,0.0,0.0,0.0,0.0,0.0,0.0,0.0,0.0,0.0,0.0,0.0,0.0,29.0,52.0,False,58.55,0.0,0.0,0,0,1.793103448275862,3,58.55,-0.9459297224915731,0.014539995889850091
2022,Andaman and Nicobar Islands,0.0,19.46,0.0,0.0,0.0,0.0,0.0,0.0,0.0,40.0,0.0,0.0,0.0,0.0,0.0,0.0,0.0,0.0,0.0,0.0,0.0,0.0,0.0,0.0,0.0,0.0,0.0,26.0,0.0,375.0,52.0,74.0,False,59.46,0.0,401.0,0,0,1.4230769230769231,4,460.46,6.864389410760034,0.02905253789503483
2023,Andaman and Nicobar Islands,0.0,244.87,0.0,1.1,0.0,0.0,0.0,0.0,0.0,88.0,0.0,0.0,0.0,0.0,0.0,0.0,0.0,0.0,0.0,0.0,0.0,0.0,0.0,0.0,0.0,0.0,0.0,497.0,0.0,630.0,77.0,103.0,False,333.97,0.0,1127.0,0,0,1.3376623376623376,5,1460.97,2.172848890240195,0.04358783307481277
2024,Andaman and Nicobar Islands,0.0,6027.0,0.0,1.26,0.0,0.0,0.0,0.0,0.0,62.0,1.0,0.02,5.39,0.0,0.0,0.0,0.0,0.0,0.0,0.0,15.74,0.0,0.0,0.0,0.0,0.0,0.0,0.0,0.0,1730.0,74.0,120.0,False,6112.410000000001,0.0,1730.0,0,0,1.6216216216216217,9,7842.410000000001,4.367947322669186,0.10073567914715525
2018,Andhra Pradesh,0.0,0.0,0.0,0.0,0.0,0.0,0.0,0.0,0.0,38471.0,0.0,0.0,0.0,5.9,0.0,0.0,0.0,0.0,0.0,0.0,0.0,0.0,0.0,0.0,0.0,2.54,0.0,0.0,0.0,0.0,547.0,1319.0,False,38479.44,0.0,0.0,0,1,2.411334552102377,4,38479.44,0.0,0.034092092944479936
2019,Andhra Pradesh,0.0,0.0,0.0,1.04,0.0,0.0,0.0,1.01,0.0,70230.0,0.0,0.0,0.0,477.0,0.0,0.0,0.0,0.01,0.0,0.0,0.0,0.0,0.0,4.0,0.0,0.0,0.0,0.0,9.92,658.0,811.0,2040.0,False,70722.98,0.0,658.0,0,1,2.5154130702836004,9,71380.98,0.8550420692193024,0.1082762716419172
2020,Andhra Pradesh,0.0,0.0,0.0,0.0,0.0,0.0,0.0,0.0,0.0,97826.0,0.0,0.0,0.08,0.0,0.0,0.0,0.0,0.0,0.0,0.0,4.35,0.0,0.0,0.33,0.0,0.0,0.0,0.0,0.0,0.0,946.0,2388.0,False,97830.76,0.0,0.0,0,1,2.52431289640592,5,97830.76,0.37054380592701297,0.05259425666598749
2021,Andhra Pradesh,0.0,0.0,0.0,0.0,0.0,0.0,0.0,11.4,0.0,200984.0,18.14,6.13,0.0,0.0,0.0,3.0,0.0,0.0,0.0,0.0,0.0,0.0,0.0,0.0,0.0,0.0,0.0,0.0,3.4,200.0,1776.0,4204.0,False,201023.07,0.0,203.0,0,1,2.3671171171171173,8,201226.07,1.0568793496033355,0.10411461921142046
2022,Andhra Pradesh,0.0,0.01,0.0,0.02,0.0,0.0,0.0,0.0,0.0,99580.0,0.01,20.88,0.69,0.0,0.0,0.0,0.08,0.05,0.03,0.0,0.0,0.0,0.0,0.0,0.0,0.0,0.0,0.0,0.6,0.0,1405.0,3350.0,False,99602.37,0.0,0.0,0,1,2.3843416370106763,11,99602.37,-0.505022535101938,0.1428016523681654
2023,Andhra Pradesh,0.0,0.6,0.0,5.0,0.0,0.0,0.0,0.0,0.0,53814.0,0.0,9.83,0.87,0.0,0.0,0.0,0.0,0.12,0.03,0.0,0.0,0.02,0.0,1.0,0.0,0.0,525.0,0.0,3.85,0.0,1749.0,5359.0,False,53835.32,0.0,525.0,0,1,3.064036592338479,12,54360.32,-0.4542266413941757,0.1602044889190643
2024,Andhra Pradesh,0.0,17.0,0.0,0.0,0.0,0.0,0.0,0.0,0.0,53983.0,0.0,200.4,0.0,0.0,0.0,0.0,0.0,75.09,0.0,0.0,0.0,0.0,0.0,1.0,0.0,0.0,0.0,0.0,26.01,240.0,1869.0,4692.0,False,54302.5,0.0,240.0,0,1,2.510433386837881,8,54542.5,0.003351341566789845,0.1042347910575335
2018,Arunachal Pradesh,0.0,0.0,0.0,0.04,0.0,0.0,0.0,0.0,0.0,1937.0,0.0,0.0,2.35,0.0,0.0,0.0,0.0,0.0,0.0,0.0,0.0,0.0,0.0,6.94,0.0,0.0,0.0,0.0,0.0,1217.0,154.0,259.0,False,1946.33,0.0,1217.0,1,0,1.6818181818181819,6,3163.33,0.0,0.058634844727586684
2019,Arunachal Pradesh,0.0,0.0,0.0,0.0,0.0,0.0,0.0,0.0,0.0,1752.0,0.0,0.0,1.88,0.0,0.0,0.0,0.0,0.0,0.0,0.0,0.0,0.0,0.0,28.68,0.0,0.0,0.0,0.0,0.0,742.0,137.0,216.0,False,1782.5600000000002,0.0,742.0,1,0,1.5766423357664234,5,2524.5600000000004,-0.20192961214922234,0.04417963886511377
2020,Arunachal Pradesh,0.0,0.0,0.0,0.0,0.0,0.0,0.0,0.0,0.0,2843.0,0.02,0.0,1.83,0.0,0.0,0.0,0.0,0.0,0.0,0.0,0.0,0.0,0.0,19.01,0.0,0.0,0.0,0.0,0.0,10.0,114.0,231.0,False,2863.86,0.0,10.0,1,0,2.026315789473684,6,2873.86,0.13836074405044818,0.05824256238309886
2021,Arunachal Pradesh,0.0,0.0,0.0,0.1,0.0,0.0,0.0,0.0,0.0,2623.0,0.0,0.0,3.71,0.0,0.0,0.0,0.0,0.0,0.0,0.0,0.0,0.0,0.0,16.48,0.0,0.0,0.0,0.0,0.0,0.0,258.0,462.0,False,2643.29,0.0,0.0,1,0,1.7906976744186047,5,2643.29,-0.08023007383797409,0.045362225336388715
2022,Arunachal Pradesh,0.0,0.0,0.0,0.0,0.0,0.0,0.0,0.0,0.0,3342.0,0.0,0.0,4.65,0.0,0.0,0.0,0.0,0.0,0.0,0.0,0.0,0.0,0.0,17.91,0.0,1.0,15.0,0.0,0.41,2500.0,299.0,541.0,False,3365.97,0.0,2515.0,1,0,1.8093645484949832,8,5880.969999999999,1.224867494675196,0.08863726219128662
2023,Arunachal Pradesh,0.0,0.0,0.0,0.0,0.0,0.0,0.0,0.0,0.0,1379.0,0.0,0.0,5.07,0.0,0.0,0.0,0.0,0.0,0.0,0.0,0.0,0.0,0.0,286.95,0.0,0.0,0.0,0.0,0.01,12.0,215.0,389.0,False,1671.03,0.0,12.0,1,0,1.8093023255813954,6,1683.03,-0.7138176185221146,0.05922274798923868
2024,Arunachal Pradesh,0.0,0.0,0.0,0.0,0.0,0.0,0.0,0.0,0.0,2518.0,0.0,0.0,3.65,0.0,0.0,0.0,0.0,0.0,0.0,0.0,0.0,0.0,0.0,110.0,0.0,0.0,0.0,0.0,0.0,0.0,222.0,385.0,False,2631.65,0.0,0.0,1,0,1.7342342342342343,4,2631.65,0.5636382001509184,0.030724794422178313
2018,Assam,0.0,0.12,0.0,0.35,0.0,0.0,0.0,0.0,0.0,12209.0,0.0,0.0,8.32,0.0,0.0,0.0,0.0,0.0,0.0,0.0,0.0,6.53,0.0,16.32,0.0,0.0,0.0,127376.0,19.3,3097275.0,491.0,727.0,False,12259.94,0.0,3224651.0,1,0,1.4806517311608962,9,3236910.94,0.0,0.12216180730484667
2019,Assam,0.0,2.33,0.0,0.0,0.0,0.0,0.0,0.0,0.0,9965.0,0.0,0.0,25.06,2.0,0.0,0.0,0.0,0.0,0.0,0.0,0.0,20.35,0.0,28.98,0.0,1260.0,0.0,58015.0,58.94,1550628.0,847.0,1267.0,False,11362.66,0.0,1608643.0,1,0,1.4958677685950412,10,1620005.66,-0.4995210896967094,0.1312358471166533
2020,Assam,0.0,12.83,0.0,1.34,0.0,0.0,0.0,0.0,0.0,16485.0,0.0,0.0,27.44,0.0,0.0,0.0,0.0,0.0,0.0,0.0,0.0,0.24,0.0,16.48,0.0,0.0,700.0,106519.0,4.86,1454316.0,1010.0,1731.0,False,16548.19,0.0,1561535.0,1,0,1.7138613861386138,10,1578083.19,-0.025877977488053983,0.13260277003526577
2021,Assam,0.0,18.91,0.0,0.29,0.0,0.0,0.0,0.0,0.0,31662.0,0.0,0.0,63.85,0.0,0.0,0.0,0.0,0.0,0.0,0.0,0.0,3.56,8.12,73.35,0.0,3.0,0.0,238652.0,79.34,3131727.0,2310.0,3918.0,False,31904.3,8.12,3370379.0,1,0,1.6961038961038961,12,3402291.42,1.1559645534276304,0.18367599301175008
2022,Assam,0.0,31.99,0.0,0.02,0.0,0.0,0.0,0.0,0.0,67825.0,0.0,0.0,133.94,0.0,0.0,0.0,0.0,0.0,0.0,0.0,0.0,19.15,0.0,326.77,0.0,3.0,0.0,301882.0,0.56,5281488.0,2907.0,4753.0,False,68340.43,0.0,5583370.0,1,0,1.6350189198486411,10,5651710.43,0.6611482475537029,0.17302439093393868
2023,Assam,0.0,68.7,0.0,0.79,0.0,0.0,0.0,0.0,0.0,37273.0,0.01,0.0,162.33,0.0,0.0,0.0,0.0,0.0,3.0,0.0,0.0,28.5,0.0,159.17,0.0,8.0,0.0,580414.0,0.0,3673943.0,2923.0,4843.0,False,37703.5,0.0,4254357.0,1,0,1.6568593910366063,11,4292060.5,-0.24057317635786934,0.18015972667635835
2024,Assam,0.0,78.0,0.0,0.36,0.0,0.0,0.0,0.0,0.0,26217.0,0.0,0.0,186.4,0.0,0.0,0.0,0.0,0.0,0.0,0.0,0.0,19.5,0.0,158.0,0.0,0.0,0.0,231382.0,25.2,3668961.0,3350.0,5153.0,False,26684.460000000003,0.0,3900343.0,1,0,1.5382089552238807,9,3927027.46,-0.08504843769094117,0.15379764264769502
2018,Bihar,0.0,0.0,0.0,0.0,0.0,0.0,0.0,0.0,0.0,15868.0,268.23,0.0,4.14,0.0,0.0,0.0,0.0,0.0,0.0,0.0,0.0,0.16,0.0,5.5,0.0,43.0,199.0,5188.0,0.0,474.0,194.0,174.0,False,16189.03,0.0,5861.0,1,0,0.8969072164948454,9,22050.03,0.0,0.10198421021728628
2019,Bihar,0.0,0.0,0.0,0.0,0.0,0.0,0.0,0.0,0.0,8515.0,52.8,0.0,3.76,0.0,0.0,0.0,0.0,0.0,0.0,0.0,0.0,0.0,0.0,7.5,0.0,1573.0,0.0,1282.0,0.0,20.0,227.0,345.0,False,10152.06,0.0,1302.0,1,0,1.5198237885462555,7,11454.06,-0.48054220334394104,0.07367818917197475
2020,Bihar,0.0,0.01,0.0,0.0,5.94,0.0,0.0,0.0,0.0,16607.0,188.66,0.0,363.77,0.0,0.0,0.0,0.0,0.0,0.82,0.0,0.0,0.0,0.0,59.8,0.0,2387.0,20.0,17903.0,0.0,979.0,1655.0,1087.0,False,19613.0,0.0,18902.0,1,0,0.656797583081571,11,38515.0,2.3625631435491,0.14491541506052152
2021,Bihar,0.0,0.0,0.0,0.0,0.0,0.0,0.0,0.0,0.0,33603.0,395.12,0.0,9.62,0.0,0.0,16.0,0.0,0.0,0.0,0.0,0.0,5.79,0.0,35.71,0.0,1583.0,16392.0,65079.0,0.26,106184.0,1008.0,1518.0,False,35632.50000000001,0.0,187671.0,1,0,1.505952380952381,11,223303.5,4.797832013501234,0.1395884510886368
2022,Bihar,0.0,0.0,0.0,0.0,0.0,0.0,0.0,0.0,0.0,23023.0,150.31,0.0,31.13,0.0,0.0,0.0,0.0,0.0,0.0,0.0,0.0,0.0,0.0,38.8,0.0,2480.0,944.0,58259.0,2.0,52420.0,1176.0,1837.0,False,25725.24,0.0,111623.0,1,0,1.5620748299319729,9,137348.24,-0.38492571768915407,0.11219615696555175
2023,Bihar,0.0,0.97,0.0,0.0,0.0,0.0,0.0,0.0,0.0,13129.0,129.89,0.0,27.37,0.0,0.0,0.0,0.0,0.0,0.0,0.0,0.0,0.0,0.0,1772.72,0.0,24379.0,32358.0,269038.0,0.0,123001.0,1358.0,1989.0,False,39438.95,0.0,424397.0,1,0,1.4646539027982326,9,463835.95,2.377079677176788,0.11572848715296968
2024,Bihar,0.95,1.0,0.0,4.2,0.0,0.0,0.0,0.0,0.0,18356.0,195.0,0.0,53.35,0.0,0.0,0.0,0.0,0.0,0.0,0.0,0.0,0.13,0.0,13.0,0.0,4793.0,63208.0,207405.0,0.02,50321.0,1276.0,1806.0,False,23416.65,0.0,320934.0,1,0,1.415360501567398,13,344350.65,-0.2576024993319297,0.17142824831329942
2018,Chandigarh,0.0,0.0,0.0,0.02,0.0,0.0,0.0,0.0,0.0,28.0,51.98,0.0,2.07,0.0,0.0,0.0,0.0,0.0,0.0,0.0,0.0,0.0,0.0,22.1,0.0,581.66,4386.0,26.0,0.0,11595.0,207.0,90.0,False,685.8299999999999,0.0,16007.0,0,0,0.43478260869565216,9,16692.83,0.0,0.1020824071713727
2019,Chandigarh,0.0,0.0,0.0,0.17,0.0,0.0,0.0,0.01,0.0,332.0,87.19,0.08,3.74,0.0,0.0,0.0,0.0,0.0,0.0,0.0,0.0,0.06,0.0,45.02,0.0,1471.0,0.0,600.0,0.0,146188.0,249.0,288.0,False,1939.27,0.0,146788.0,0,0,1.1566265060240963,11,148727.27,7.909649831694205,0.13177364322197196
2020,Chandigarh,0.0,0.0,0.0,0.0,0.0,0.0,0.0,0.0,0.0,71.0,57.79,0.0,3.66,0.0,0.0,0.0,0.0,0.0,0.0,0.0,0.0,0.0,0.0,18.97,0.0,8.0,917.0,578.0,0.0,61490.0,162.0,187.0,False,159.42,0.0,62985.0,0,0,1.154320987654321,8,63144.42,-0.5754348210654308,0.08760675307822523
2021,Chandigarh,0.0,0.0,0.0,10.25,0.0,0.0,0.0,0.0,0.0,135.0,87.4,0.0,9.47,0.0,0.0,0.0,0.0,0.0,0.0,0.0,0.0,0.0,0.0,14.38,0.0,535.0,505.0,182.0,0.0,17785.0,108.0,132.0,False,791.5,0.0,18472.0,0,0,1.2222222222222223,9,19263.5,-0.6949294965414204,0.10112917307217155
2022,Chandigarh,1.0,0.01,0.0,0.0,0.0,0.0,0.0,0.0,0.0,96.0,23.79,0.0,209.05,0.0,0.0,0.0,0.0,0.0,0.0,0.0,1.34,5.47,0.0,28.22,0.0,457.0,1723.0,0.0,0.0,16904.0,204.0,224.0,False,821.88,0.0,18627.0,0,0,1.0980392156862746,12,19448.88,0.00962338100552862,0.14492505635141328
2023,Chandigarh,0.0,0.21,0.0,0.07,0.0,0.0,0.0,0.0,0.0,93.0,10.09,0.0,13.67,0.0,0.0,0.0,0.0,0.0,0.0,0.0,0.0,0.0,0.0,13.92,0.0,2008.0,38.0,105.0,0.0,920.0,164.0,195.0,False,2138.96,0.0,1063.0,0,0,1.1890243902439024,10,3201.96,-0.8353653269494181,0.11587559115074
2024,Chandigarh,11375.04,0.0,3.12,0.13,0.0,0.0,0.0,0.0,0.0,40.0,13.0,0.0,6.2,0.0,0.0,0.0,0.0,0.23,0.0,0.0,0.0,0.0,0.0,61.0,0.0,55.0,357.0,1823.0,0.0,0.0,117.0,170.0,False,11553.72,0.0,2180.0,0,0,1.452991452991453,11,13733.72,3.2891603892615766,0.12975879848758792
2018,Chhattisgarh,0.0,0.0,0.0,0.0,0.0,0.0,0.0,0.0,0.0,25964.0,0.0,0.0,0.4,0.0,0.0,0.0,0.0,0.0,0.0,0.0,0.0,0.0,0.0,0.0,0.0,10.91,7858.0,39841.0,0.0,127145.0,685.0,1036.0,False,25975.31,0.0,174844.0,0,0,1.5124087591240876,6,200819.31,0.0,0.06488393258567542
2019,Chhattisgarh,0.0,0.0,0.0,0.0,0.0,0.0,0.0,0.0,0.0,22013.0,0.23,0.0,24.12,0.0,0.0,0.0,0.0,0.0,0.0,0.0,0.0,0.0,0.0,0.0,0.0,11.0,0.0,20947.0,0.0,98850.0,671.0,963.0,False,22048.35,0.0,119797.0,0,0,1.4351713859910582,6,141845.35,-0.29366677935503305,0.0644302560426805
2020,Chhattisgarh,0.0,0.0,0.0,0.02,0.0,0.0,0.0,0.0,0.0,36200.0,11.17,0.0,11.4,0.0,0.0,0.0,0.0,0.0,0.0,0.0,0.0,0.0,0.0,310.16,0.0,0.0,4934.0,21876.0,0.0,87942.0,839.0,1239.0,False,36532.75,0.0,114752.0,0,0,1.4767580452920144,8,151284.75,0.06654712332832902,0.09469346368451283
2021,Chhattisgarh,0.0,0.0,0.0,0.01,0.0,0.0,0.0,0.0,0.0,34602.0,1.59,0.0,1.33,0.0,0.0,0.0,0.0,0.0,0.0,0.0,0.0,0.0,0.0,0.23,0.0,2.0,7401.0,12561.0,0.0,392206.0,1068.0,1531.0,False,34607.16,0.0,412168.0,0,0,1.4335205992509363,9,446775.16000000003,1.9532068499964472,0.11280403464005725
2022,Chhattisgarh,0.0,0.0,0.0,0.01,0.0,0.0,0.0,0.0,0.0,28127.0,0.25,0.0,0.52,0.0,0.0,0.0,0.0,0.03,0.0,0.0,0.0,0.0,0.0,1.33,0.0,0.0,25498.0,16762.0,0.0,567946.0,1164.0,1756.0,False,28129.14,0.0,610206.0,0,0,1.5085910652920962,9,638335.14,0.42876148262137037,0.1147712095699614
2023,Chhattisgarh,0.0,0.0,0.0,0.0,0.0,0.0,0.0,0.0,0.0,23712.0,0.66,0.0,2.05,0.0,0.0,0.0,0.0,0.0,0.01,0.0,0.0,0.0,0.0,1.1,0.0,54.0,31510.0,31775.0,0.0,264334.0,1340.0,1945.0,False,23769.82,0.0,327619.0,0,0,1.4514925373134329,9,351388.82,-0.44952298881744157,0.11494837663836457
2024,Chhattisgarh,0.0,0.0,0.0,0.01,0.0,0.0,0.0,0.0,0.0,25949.0,0.0,0.0,0.45,0.0,0.0,0.0,0.0,0.01,0.0,0.0,0.0,0.0,0.0,12.0,0.0,6309.0,23963.0,9362.0,0.09,230650.0,1356.0,2085.0,False,32270.56,0.0,263975.0,0,0,1.5376106194690264,10,296245.56,-0.15692946633874127,0.12909404537391855
2020,Dadra and Nagar Haveli and Daman and Diu,0.0,0.0,0.0,0.0,0.0,0.0,0.0,0.0,0.0,8.0,0.0,0.0,0.0,0.0,0.0,0.0,0.0,0.0,0.0,0.0,0.0,0.0,0.0,0.0,0.0,0.0,0.0,0.0,0.0,0.0,5.0,13.0,False,8.0,0.0,0.0,0,0,2.6,2,8.0,0.0,1.9573901387891005e-05
2021,Dadra and Nagar Haveli and Daman and Diu,0.0,0.0,0.0,0.0,0.0,0.0,0.0,0.0,0.0,22.0,0.0,0.0,0.0,0.0,0.0,0.0,0.0,0.0,0.0,0.0,0.0,0.0,0.0,0.0,0.0,0.0,0.0,0.0,0.0,0.0,6.0,12.0,False,22.0,0.0,0.0,0,0,2.0,2,22.0,1.75,2.9417305260487467e-05
2022,Dadra and Nagar Haveli and Daman and Diu,0.0,0.0,0.0,0.0,0.0,0.0,0.0,0.0,0.0,4.0,0.0,0.0,0.0,0.0,0.0,0.0,0.0,0.04,0.19,0.0,0.0,0.0,0.0,0.0,0.0,0.0,0.0,0.0,0.0,0.0,4.0,9.0,False,4.23,0.0,0.0,0,0,2.25,4,4.23,-0.8077272727272727,0.02858121404293007
2023,Dadra and Nagar Haveli and Daman and Diu,0.0,0.0,0.0,0.0,0.0,0.0,0.0,0.0,0.0,8.0,0.0,0.0,0.0,0.0,0.0,0.0,0.0,0.0,0.0,0.0,0.0,0.0,0.0,0.0,0.0,0.0,0.0,0.0,0.0,0.0,4.0,10.0,False,8.0,0.0,0.0,0,0,2.5,2,8.0,0.8912529550827422,9.805732593934564e-06
2024,Dadra and Nagar Haveli and Daman and Diu,0.0,0.0,0.0,0.0,0.0,0.0,0.0,0.0,0.0,2.0,0.0,0.0,0.0,0.0,0.0,0.0,0.0,0.0,0.0,0.0,0.0,0.0,0.0,0.0,0.0,0.0,0.0,0.0,0.0,0.0,3.0,15.0,False,2.0,0.0,0.0,0,0,5.0,2,2.0,-0.75,5.320194846687091e-09
2018,Goa,0.0,0.02,0.0,0.12,0.0,0.0,0.0,0.0,0.0,71.0,15.38,0.0,0.02,0.0,0.0,21.0,0.0,0.24,0.0,0.0,0.0,0.0,0.0,0.0,0.0,0.0,0.0,0.0,0.19,2.0,249.0,254.0,False,86.96999999999998,0.0,23.0,0,1,1.0200803212851406,10,109.96999999999998,0.0,0.11668926934745458
2019,Goa,0.0,0.77,0.0,1.93,0.0,0.0,0.0,0.07,0.0,76.0,10.14,0.0,0.07,0.0,0.0,2.0,0.0,3.12,0.0,0.0,0.0,0.0,0.0,0.0,0.0,0.0,0.0,0.0,0.03,0.0,218.0,236.0,False,92.13,0.0,2.0,0,1,1.0825688073394495,10,94.13,-0.14403928344093841,0.11638637099172439
2020,Goa,0.0,0.01,0.0,0.32,0.0,0.0,0.0,0.0,0.0,120.0,15.63,0.0,0.02,0.0,0.0,45.0,0.0,1.23,0.0,0.0,0.0,0.0,0.0,0.02,0.0,0.0,0.0,0.0,0.05,0.0,164.0,198.0,False,137.28000000000003,0.0,45.0,0,1,1.2073170731707317,10,182.28000000000003,0.9364708382024862,0.11585936358914946
2021,Goa,0.0,0.08,0.0,0.13,0.0,0.0,0.0,0.0,0.0,123.0,5.44,0.54,0.03,0.0,0.0,187.0,0.0,0.7,0.04,0.0,0.0,0.0,0.0,0.0,0.0,0.0,0.0,0.0,0.0,10.0,131.0,155.0,False,129.95999999999998,0.0,197.0,0,1,1.183206106870229,11,326.96,0.7937239411893786,0.1298235058047813
2022,Goa,0.0,0.05,0.0,0.33,0.0,0.0,0.0,0.0,0.0,222.0,7.72,3.16,0.39,0.0,0.0,0.0,0.1,1.01,0.04,0.0,0.0,0.0,0.0,0.0,0.0,0.0,0.0,0.0,0.0,107.0,160.0,194.0,False,234.79999999999995,0.0,107.0,0,1,1.2125,11,341.79999999999995,0.04538781502324429,0.13010686244898942
2023,Goa,0.0,0.32,0.0,1.3,0.0,0.0,0.0,0.0,0.0,165.0,7.05,1.41,0.05,0.24,0.0,2534.0,0.1,0.61,0.0,0.0,0.0,0.0,0.0,0.19,0.0,0.0,0.0,0.0,0.0,1.0,140.0,165.0,False,176.27000000000004,0.0,2535.0,0,1,1.1785714285714286,13,2711.27,6.932328847279112,0.15849566101902007
2024,Goa,0.0,4.0,0.0,0.82,0.0,0.0,0.0,0.0,0.0,259.0,11.0,0.06,0.07,0.02,0.0,1825.0,0.11,0.6,0.0,0.0,0.0,0.0,0.0,0.0,0.0,0.0,0.0,0.0,0.01,0.0,169.0,196.0,False,275.69,0.0,1825.0,0,1,1.1597633136094674,12,2100.69,-0.22520073618636283,0.14448994241227395
2018,Gujarat,0.0,1.52,0.0,1.72,0.0,0.0,0.0,0.0,0.0,6180.0,111.69,0.0,6.72,0.0,0.0,0.0,0.0,0.0,0.0,0.0,0.0,0.0,0.0,1.59,0.0,1082.85,2889.0,45623.0,9.9,33250.0,169.0,239.0,False,7395.99,0.0,81762.0,1,1,1.4142011834319526,11,89157.99,0.0,0.1306720683280748
2019,Gujarat,0.0,0.02,0.0,0.0,0.0,0.0,0.0,0.0,0.0,9474.0,78.38,0.0,102.15,0.0,0.0,0.0,0.0,0.0,0.0,0.0,0.0,0.0,0.0,674.5,0.0,6318.0,0.0,1970.0,0.0,930.0,308.0,453.0,False,16647.05,0.0,2900.0,1,1,1.4707792207792207,8,19547.05,-0.7807594137104258,0.08879861632496801
2020,Gujarat,0.0,0.38,0.0,0.0,6112.0,0.0,0.0,0.0,0.0,7685.0,289.26,0.0,37.29,0.0,16.0,0.0,0.0,92.0,0.43,0.0,0.0,0.0,0.0,435.18,0.0,3539.0,0.0,9861.0,0.0,61558.0,326.0,495.0,False,18206.54,0.0,71419.0,1,1,1.51840490797546,12,89625.54000000001,3.5851184705620547,0.14649389769668983
2021,Gujarat,0.0,10.48,0.0,0.07,0.0,0.0,0.0,4.73,0.0,18182.0,145.53,0.0,3335.17,0.0,0.0,0.0,0.0,0.0,10.57,0.0,7.49,0.0,0.0,803.26,0.0,2281.0,914.0,883.0,0.0,37685.0,507.0,876.0,False,24780.3,0.0,39482.0,1,1,1.727810650887574,13,64262.3,-0.2829912098716505,0.16241135015086097
2022,Gujarat,0.0,223.78,0.0,53.97,0.0,0.0,91.1,0.0,0.0,12839.0,933.97,0.0,741.59,0.0,0.0,0.0,0.0,0.01,325.58,0.0,0.0,0.0,0.0,11.48,0.0,13120.0,0.0,8402.0,102.49,9444.0,516.0,849.0,False,28351.87,91.1,17846.0,1,1,1.6453488372093024,14,46288.97,-0.2796870015545663,0.1766883904624711
2023,Gujarat,0.0,60.81,0.0,87.13,0.0,0.0,0.0,479.0,0.0,12486.0,53.44,0.0,30.93,0.0,0.0,30.0,0.0,0.19,12.24,0.0,0.0,0.0,0.0,4.72,0.0,10460.0,258672.0,27089.0,615.98,617179.0,604.0,803.0,False,24290.44,0.0,902970.0,1,1,1.3294701986754967,15,927260.44,19.03199552722819,0.19656798630316352
2024,Gujarat,0.0,808.0,0.0,13.19,0.0,1.0,0.0,0.0,0.0,6574.0,3716.0,0.0,90.14,59.78,0.0,19.0,0.0,0.0,42.71,21.17,0.0,2.7,0.0,320.0,0.0,7920.0,0.0,16509.0,0.0,2884.0,623.0,903.0,False,19567.69,1.0,19412.0,1,1,1.449438202247191,16,38980.69,-0.95796144392831,0.20626573887774077
2018,Haryana,0.0,0.0,0.0,0.0,0.0,0.0,0.0,0.0,0.0,6139.0,346.84,0.0,33.67,0.0,0.0,0.0,0.0,0.0,0.0,0.0,0.0,0.0,0.0,103.75,0.0,9790.85,0.0,0.0,13.0,135337.0,2345.0,2892.0,False,16427.11,0.0,135337.0,0,0,1.2332622601279317,8,151764.11,0.0,0.10940690193730386
2019,Haryana,0.0,0.0,0.0,0.0,0.0,0.0,0.0,0.0,0.0,5426.0,174.05,0.0,29.24,0.0,0.0,0.0,0.0,0.0,0.0,0.0,0.0,0.0,0.0,119.99,0.0,9828.0,0.0,360.0,4.33,970.0,2582.0,3229.0,False,15581.61,0.0,1330.0,0,0,1.250580945003873,8,16911.61,-0.8885664733249514,0.11099726948130702
2020,Haryana,0.0,0.0,0.0,0.01,0.0,0.0,0.0,0.0,0.0,9086.0,233.49,0.0,42.07,0.0,0.0,0.0,0.0,0.0,0.0,0.0,0.0,0.0,0.0,235.51,0.0,14745.0,0.0,0.0,0.0,936712.0,3008.0,4061.0,False,24342.08,0.0,936712.0,0,0,1.350066489361702,8,961054.08,55.82806545325962,0.12023226888594905
2021,Haryana,0.0,0.0,0.0,0.0,0.0,0.0,0.0,0.0,0.0,11478.0,143.35,0.0,28.25,0.0,0.0,0.0,0.0,0.0,0.0,0.0,0.0,0.0,0.0,297.94,0.0,6902.0,0.0,0.0,0.0,1778289.0,2689.0,3400.0,False,18849.54,0.0,1778289.0,0,0,1.2644105615470436,7,1797138.54,0.8699660897334727,0.10732357161977138
2022,Haryana,0.0,0.0,0.0,0.01,0.0,0.0,0.0,661.75,0.0,13583.0,218.16,0.0,64.92,0.0,0.0,0.0,0.0,0.0,0.0,0.0,0.0,0.0,0.0,346.77,0.0,12938.0,0.0,0.0,52.74,727402.0,3820.0,5025.0,False,27865.35,0.0,727402.0,0,0,1.3154450261780104,10,755267.35,-0.5797389387687384,0.1556295661728081
2023,Haryana,0.0,0.0,0.0,30.66,0.0,0.0,0.0,0.0,0.0,6972.0,164.03,0.0,52.84,0.0,0.0,0.0,0.0,0.0,0.0,0.0,0.0,0.0,0.0,333.77,0.0,29318.0,0.0,0.0,0.0,554898.0,3718.0,4801.0,False,36871.3,0.0,554898.0,0,0,1.2912856374394837,8,591769.3,-0.21647705279461626,0.12518315662509655
2024,Haryana,0.0,0.0,0.0,3.87,0.0,0.0,0.0,0.0,0.0,9955.0,216.0,0.0,63.11,0.0,0.0,0.0,0.0,0.0,0.0,0.0,0.0,0.0,0.0,252.0,0.0,10925.0,0.0,0.0,0.0,612912.0,3062.0,4040.0,False,21414.980000000003,0.0,612912.0,0,0,1.3193990855649902,8,634326.98,0.07191599834597695,0.11900394006779944
2018,Himachal Pradesh,0.0,0.0,0.0,0.25,0.0,0.0,0.0,0.0,0.0,22.0,472.23,0.0,8.03,0.0,0.0,0.0,0.0,0.0,0.0,0.0,0.0,0.0,0.0,7.06,0.0,588.19,1218.0,17614.0,0.0,126964.0,1343.0,1714.0,False,1097.76,0.0,145796.0,0,0,1.2762472077438571,9,146893.76,0.0,0.11387873815041819
2019,Himachal Pradesh,0.0,0.0,0.0,0.0,0.0,0.0,0.0,0.0,0.0,17.0,330.58,0.0,8.08,0.0,0.0,0.0,0.0,0.0,0.0,0.0,0.0,0.0,0.0,17.51,0.0,1357.0,0.0,9848.0,0.0,124091.0,1438.0,1931.0,False,1730.17,0.0,133939.0,0,0,1.342837273991655,7,135669.17,-0.0764129803743876,0.08617496540782232
2020,Himachal Pradesh,0.0,0.0,0.0,0.01,0.0,0.0,0.0,0.0,0.0,208.0,351.74,0.0,19.96,0.0,0.0,77.0,0.0,0.0,0.0,0.0,0.0,0.0,0.0,26.14,0.0,1741.0,125.0,930.0,0.0,156295.0,1440.0,1895.0,False,2346.85,0.0,157427.0,0,0,1.3159722222222223,10,159773.85,0.1776724955271709,0.1291811815644689
2021,Himachal Pradesh,0.0,0.0,0.0,0.0,0.0,0.0,1.4,0.0,0.0,393.0,606.59,0.05,14.96,0.0,0.0,55.0,0.0,0.0,0.0,0.0,0.0,0.0,0.0,40.81,0.0,2017.0,18.0,241.0,226.14,3082160.0,1537.0,2235.0,False,3298.55,1.4,3082474.0,0,0,1.454131424853611,13,3085773.95,18.313385450748044,0.18870996876574217
2022,Himachal Pradesh,0.0,0.0,0.0,0.01,5.7,0.0,0.0,0.0,0.0,163.0,362.1,0.0,11.41,0.0,0.0,1.0,0.0,0.02,0.0,0.0,0.0,0.01,0.0,34.55,0.0,19765.0,28.0,750.0,0.0,31736.0,1518.0,2215.0,False,20341.8,0.0,32515.0,0,0,1.4591567852437417,13,52856.8,-0.9828708126854204,0.17222567639516317
2023,Himachal Pradesh,0.0,0.0,0.0,0.01,0.0,0.0,1.8,0.0,0.0,226.0,330.86,0.0,14.71,0.0,0.0,1.0,0.01,0.01,0.0,0.0,0.0,0.0,0.0,44.57,0.0,752.0,24.0,1603.0,0.01,96715.0,2045.0,3004.0,False,1368.18,1.8,98343.0,0,0,1.4689486552567237,15,99712.98,0.8864740203720238,0.20619673194729415
2024,Himachal Pradesh,0.0,0.0,0.0,0.01,0.0,0.3,0.0,0.0,0.0,33.0,371.0,0.0,11.02,0.0,0.0,0.0,0.0,0.0,0.0,0.02,0.0,0.0,0.0,37.0,0.0,685.0,36.0,3807.0,5.26,53723.0,1634.0,2495.0,False,1142.31,0.3,57566.0,0,0,1.5269277845777234,13,58708.61,-0.4112239951107669,0.17339023121708613
2018,Jammu and Kashmir,0.0,0.0,0.0,0.0,0.0,0.0,0.0,0.0,0.0,119.0,383.88,0.0,193.81,0.0,0.0,0.0,0.0,0.0,0.0,0.0,0.0,0.0,0.0,0.27,0.0,19386.62,3701.0,34127.0,0.0,83583.0,910.0,1285.0,False,20083.58,0.0,121411.0,0,0,1.4120879120879122,8,141494.58000000002,0.0,0.0953343919396088
2019,Jammu and Kashmir,0.0,0.0,0.0,0.0,0.0,0.0,0.0,0.0,0.0,250.0,550.61,0.0,103.15,0.0,0.0,0.0,0.0,0.0,0.0,0.0,0.0,0.0,0.0,0.43,0.0,25062.0,0.0,44796.0,0.0,217814.0,1162.0,1700.0,False,25966.19,0.0,262610.0,0,0,1.4629948364888123,7,288576.19,1.0394858234145787,0.08430066308314113
2020,Jammu and Kashmir,0.0,0.0,0.0,0.0,0.0,0.0,2.85,0.0,0.0,1342.0,927.74,0.0,159.36,0.0,0.0,0.0,0.0,0.0,0.0,0.0,0.0,0.0,0.0,1.53,0.0,23840.0,304.0,74845.0,0.0,400932.0,1198.0,1769.0,False,26270.63,2.85,476081.0,0,0,1.476627712854758,10,502354.48,0.7408036331756962,0.12865829047623123
2021,Jammu and Kashmir,0.0,0.0,0.0,0.0,0.0,0.0,4.0,0.0,0.0,642.0,975.29,0.0,196.64,0.0,0.0,0.0,0.0,0.0,0.0,0.0,0.0,0.0,0.0,2.58,0.0,19206.0,1131.0,57732.0,0.0,172260.0,1543.0,2217.0,False,21022.51,4.0,231123.0,0,0,1.4368114063512638,10,252149.51,-0.4980645738443499,0.1306837236677124
2022,Jammu and Kashmir,0.0,0.0,0.0,0.0,0.0,0.0,0.0,0.0,0.0,1274.0,573.84,0.0,239.65,0.0,0.0,0.0,0.0,0.0,0.0,0.0,4.2,0.0,0.0,3.24,0.0,17250.0,757.0,17635.0,0.0,257782.0,1857.0,2755.0,False,19344.93,0.0,276174.0,0,0,1.4835756596661283,9,295518.93,0.17199882720374893,0.11969827879285724
2023,Jammu and Kashmir,0.0,0.16,0.0,1.13,0.0,0.0,5.4,0.0,0.0,1033.0,345.43,0.0,187.49,0.0,0.0,0.0,0.0,0.0,0.0,0.0,0.0,0.0,0.0,62.07,0.0,8677.0,1340.0,8777.0,0.0,158712.0,2149.0,3072.0,False,10306.28,5.4,168829.0,0,0,1.429502093997208,12,179140.68,-0.3938097975652525,0.1647823178793133
2024,Jammu and Kashmir,0.0,3.0,0.0,0.0,0.0,56.4,0.0,0.0,0.0,1168.0,373.0,0.0,114.06,0.0,0.0,0.0,0.0,0.0,0.0,0.0,0.0,0.0,0.0,2.0,0.0,3560.0,405.0,4992.0,0.55,155614.0,1539.0,2158.0,False,5220.61,56.4,161011.0,0,0,1.4022092267706303,12,166288.01,-0.07174623876609143,0.15875466551227244
2018,Jharkhand,0.0,0.0,0.0,0.0,0.0,0.0,0.0,0.0,0.0,1827.0,0.0,0.0,2.11,0.0,0.0,0.0,0.0,0.0,0.0,0.0,0.0,0.0,0.0,165.76,0.0,7921.57,2044.0,1055.0,0.0,1006.0,226.0,304.0,False,9916.44,0.0,4105.0,0,0,1.345132743362832,7,14021.44,0.0,0.07368221793433784
2019,Jharkhand,0.0,0.0,0.0,0.0,0.0,0.0,0.0,0.0,0.0,3632.0,0.0,0.0,1.43,0.0,0.0,0.0,0.0,0.0,0.0,0.0,0.0,0.0,0.0,285.29,0.0,13039.0,0.0,6502.0,0.0,4807.0,266.0,342.0,False,16957.72,0.0,11309.0,0,0,1.2857142857142858,6,28266.72,1.015964123513705,0.05986378359827988
2020,Jharkhand,0.0,0.0,0.0,0.0,0.0,0.0,0.0,0.0,0.0,7746.0,0.0,0.0,8.15,0.0,0.0,0.0,0.0,0.0,0.0,0.0,0.0,0.0,0.0,432.83,0.0,96196.0,12.0,26009.0,0.0,277638.0,411.0,550.0,False,104382.98,0.0,303659.0,0,0,1.338199513381995,7,408041.98,13.435420169018547,0.0776067696121257
2021,Jharkhand,0.0,0.0,0.0,0.0,0.0,0.0,0.0,0.0,0.0,10429.0,0.0,0.0,8.16,0.0,0.0,0.0,0.0,0.0,0.0,0.0,0.0,0.0,0.0,1101.22,0.0,83314.0,22.0,159079.0,0.0,16280.0,618.0,966.0,False,94852.38,0.0,175381.0,0,0,1.5631067961165048,7,270233.38,-0.33773142655566957,0.07888820620545534
2022,Jharkhand,0.0,0.0,0.0,0.0,0.0,0.0,26.0,0.0,0.0,6605.0,0.04,0.0,7.21,0.0,0.0,0.0,0.0,0.0,0.0,0.0,0.0,0.0,0.0,201.77,0.0,25179.0,54.0,4156.0,0.0,140317.0,446.0,648.0,False,31993.02,26.0,144527.0,0,0,1.452914798206278,10,176546.02,-0.3466905531803659,0.11956175432105574
2023,Jharkhand,0.0,0.75,0.0,0.0,0.0,0.0,0.0,0.0,0.0,4604.0,0.22,0.0,1.81,0.0,0.0,0.0,0.0,0.0,0.0,0.0,0.0,0.0,0.0,354.26,0.0,53715.0,132.0,6745.0,0.0,4711.0,535.0,789.0,False,58676.04,0.0,11588.0,0,0,1.4747663551401868,9,70264.04000000001,-0.6020072273506929,0.10557425469273263
2024,Jharkhand,0.0,0.0,0.0,0.0,0.0,14.1,0.0,0.0,0.0,6618.0,0.0,0.0,12.14,0.0,0.0,0.0,0.0,0.0,0.0,0.0,0.0,0.01,0.0,2116.0,0.0,67971.0,4131.0,36834.0,0.0,35554.0,800.0,1062.0,False,76717.15,14.1,76519.0,0,0,1.3275,10,153250.25,1.181062318648344,0.12289449613926419
2018,Karnataka,0.0,0.0,0.0,2.12,0.0,0.0,0.0,0.0,0.0,1951.0,1.18,0.0,0.0,11.75,0.0,106.0,0.0,0.09,0.0,0.0,12.9,0.0,0.0,0.0,0.0,0.0,0.0,151.0,0.0,26.0,158.0,314.0,False,1979.04,0.0,283.0,0,1,1.9873417721518987,9,2262.04,0.0,0.10152621678471972
2019,Karnataka,0.0,1.81,0.0,0.83,0.0,0.0,0.0,0.0,0.0,3522.0,24.88,2.85,0.14,52.31,0.0,0.0,0.0,0.53,0.0,0.0,0.0,0.0,0.0,2.34,0.0,0.0,0.0,0.0,0.0,5100.0,737.0,1732.0,False,3607.69,0.0,5100.0,0,1,2.350067842605156,11,8707.69,2.8494854202401374,0.13578805358539112
2020,Karnataka,0.0,0.89,0.0,3.11,0.0,0.0,0.0,6.87,0.0,21625.0,29.05,3.0,3.05,0.24,0.0,5977.0,0.0,1.15,0.0,0.0,0.7,0.0,0.0,7.26,0.0,0.0,0.0,200.0,0.0,7375.0,3682.0,5841.0,False,21680.32,0.0,13552.0,0,1,1.5863661053775122,14,35232.32,3.046115559924618,0.2075549951546911
2021,Karnataka,0.0,5.38,0.0,2.51,0.0,0.0,0.0,0.0,0.0,9382.0,9.82,56.94,24.12,0.0,0.0,1477.0,0.0,29.96,0.0,0.0,0.05,0.21,0.0,15.56,0.0,38.0,0.0,62.0,91.58,300.0,5349.0,6834.0,False,9656.129999999996,0.0,1839.0,0,1,1.277621985417835,15,11495.129999999996,-0.6737333788975578,0.23799668472236885
2022,Karnataka,277.15,5.95,0.0,8.33,0.0,0.0,0.0,20.04,0.0,8279.0,17.99,20.21,49.82,0.0,0.0,10.0,0.18,46.27,0.0,0.0,4.9,0.0,0.0,12.55,0.0,8.0,0.0,36.0,0.45,2000.0,5076.0,6884.0,False,8750.839999999998,0.0,2046.0,0,1,1.3561859732072499,17,10796.839999999998,-0.060746594427379064,0.2638976506471823
2023,Karnataka,0.0,1.78,0.0,19.6,0.0,0.0,1.7,0.0,0.0,10506.0,3.53,11.71,0.36,1.4,0.0,572.0,0.12,60.67,1.87,0.0,0.39,0.01,0.0,27.29,0.0,128.0,0.0,0.0,45.82,11050.0,2738.0,3843.0,False,10808.55,1.7,11622.0,0,1,1.4035792549306063,20,22432.25,1.077668095479789,0.2839793427896112
2024,Karnataka,0.0,7.0,0.0,13.53,0.0,99.3,0.0,0.0,0.0,9619.0,66.0,10.64,50.56,0.0,0.0,61.0,0.02,51.52,0.0,0.0,0.18,0.0,0.0,19.0,0.0,68.0,0.0,0.0,0.17,0.0,1544.0,2420.0,False,9905.62,99.3,61.0,0,1,1.567357512953368,16,10065.92,-0.551274615787538,0.21510683626591695
2018,Kerala,0.0,2.18,0.0,9.91,0.0,0.0,0.0,0.0,0.0,1666.0,41.41,19.41,0.07,0.0,0.0,199.0,0.0,1.96,0.0,0.0,0.0,0.0,0.0,0.0,0.0,0.0,44.0,0.0,0.2,17981.0,8834.0,9862.0,False,1741.14,0.0,18224.0,0,1,1.1163685759565316,12,19965.14,0.0,0.22922712739052156
2019,Kerala,0.0,2.57,0.0,0.0,0.0,0.0,0.0,0.0,0.0,2071.0,9.55,1.22,0.3,0.0,0.0,65.0,0.0,6.34,0.0,0.0,0.0,0.0,0.0,0.08,0.0,3.0,0.0,0.0,1.36,6560.0,9744.0,11009.0,False,2095.4200000000005,0.0,6625.0,0,1,1.1298234811165846,12,8720.42,-0.5632176884309351,0.238055732607773
2020,Kerala,0.0,0.46,0.0,0.07,0.0,0.0,0.0,0.0,0.0,3079.0,2.65,3.62,0.07,0.0,0.0,62.0,0.0,0.64,0.0,0.0,0.0,0.0,0.0,0.0,0.0,0.0,21.0,0.0,10.51,1636.0,5154.0,6025.0,False,3097.0200000000004,0.0,1719.0,0,1,1.1689949553744665,12,4816.02,-0.44773072856582596,0.19319885585486707
2021,Kerala,0.0,0.28,0.0,0.53,0.0,0.0,0.0,17.26,0.0,4568.0,6.89,9.98,344.93,0.0,0.0,831.0,0.0,5.14,0.0,0.0,0.0,0.0,0.0,0.0,0.0,0.0,0.0,0.0,0.03,647.0,6032.0,7271.0,False,4953.04,0.0,1478.0,0,1,1.2054045092838197,12,6431.04,0.33534329176373845,0.20178398706715406
2022,Kerala,0.0,2.5,0.0,0.02,0.0,0.0,0.0,2.48,0.0,3729.0,2.3,6.23,441.57,0.0,0.0,658.0,0.0,7.1,0.0,0.0,0.0,0.0,0.0,0.6,0.0,0.0,280.0,0.0,0.13,838.0,26918.0,29527.0,False,4191.930000000001,0.0,1776.0,0,1,1.0969239913812319,14,5967.930000000001,-0.07201168084788756,0.43437090034513426
2023,Kerala,0.0,2526.89,0.0,3.55,0.0,0.0,0.0,0.0,0.0,3098.0,1.86,5.5,2.32,0.0,0.0,770.0,0.06,16.33,0.0,0.0,0.0,0.01,0.0,0.01,0.0,0.0,0.0,0.0,2.02,730.0,30715.0,33191.0,False,5656.550000000001,0.0,1500.0,0,1,1.0806120787888653,14,7156.550000000001,0.19916788568230515,0.4714670248214421
2024,Kerala,0.0,2.0,0.0,0.01,0.0,0.0,0.0,0.0,0.0,4482.0,2.0,10.39,2.06,0.0,0.0,924.0,0.0,24.27,0.0,0.0,0.0,0.0,0.0,0.0,0.0,13762.0,19.0,0.0,0.0,821.0,27701.0,29755.0,False,18284.730000000003,0.0,1764.0,0,1,1.074148947691419,12,20048.730000000003,1.8014518168670657,0.4135236172332566
2021,Ladakh,0.0,0.0,0.0,0.0,0.0,0.0,0.0,0.0,0.0,0.0,1.09,0.0,0.0,0.0,0.0,0.0,0.0,0.0,0.0,0.0,0.0,0.0,0.0,0.0,0.0,0.0,0.0,0.0,0.0,0.0,5.0,8.0,False,1.09,0.0,0.0,1,0,1.6,2,1.09,0.0,1.9536767502647964e-05
2022,Ladakh,0.0,0.0,0.0,0.0,0.0,0.0,0.0,0.0,0.0,2.0,0.0,0.0,0.0,0.0,0.0,0.0,0.0,0.0,0.0,0.0,0.0,0.0,0.0,0.0,0.0,0.0,0.0,0.0,0.0,1450.0,3.0,3.0,False,2.0,0.0,1450.0,1,0,1.0,3,1452.0,1331.1100917431193,0.014293511809802291
2023,Lakshadweep,0.0,0.0,0.0,0.0,0.0,0.0,0.0,0.0,0.0,1.0,0.01,0.0,0.0,0.0,0.0,0.0,0.0,0.0,0.0,0.0,0.0,0.0,0.0,0.0,0.0,0.0,0.0,0.0,0.0,0.0,5.0,6.0,False,1.01,0.0,0.0,0,0,1.2,3,1.01,0.0,0.014305250622621926
2018,Madhya Pradesh,65.58,0.0,0.0,0.0,0.0,0.0,0.0,0.0,10.91,7719.0,7.12,0.0,19.93,0.0,0.0,0.0,0.0,0.0,0.05,0.0,0.0,2.11,0.0,153.45,0.0,30529.77,6705.0,537569.0,0.5,816100.0,1973.0,2618.0,False,38508.42,0.0,1360374.0,0,0,1.3269133299543843,13,1398882.42,0.0,0.18390364629442627
2019,Madhya Pradesh,196.92,0.0,0.0,0.0,0.0,0.0,0.0,0.0,0.0,11413.0,9.85,0.0,14.72,0.0,0.0,0.0,0.0,0.01,0.11,0.0,0.0,0.65,0.0,325.49,0.0,43076.0,0.0,96157.0,0.0,2565405.0,3511.0,4287.0,False,55036.75,0.0,2661562.0,0,0,1.2210196525206494,11,2716598.75,0.9419779040471465,0.17743698216609097
2020,Madhya Pradesh,0.0,0.01,0.0,0.0,0.0,0.0,0.0,0.0,0.0,20256.0,2.95,0.0,13.89,0.0,0.0,0.0,0.0,1.74,0.09,0.0,0.0,0.0,0.0,516.97,0.0,56669.0,1959.0,127709.0,2.0,7122856.0,3370.0,4460.0,False,77462.65,0.0,7252524.0,0,0,1.3234421364985163,12,7329986.65,1.6982220506432908,0.21513742761213528
2021,Madhya Pradesh,0.0,0.0,0.0,0.0,0.0,0.0,68.64,0.0,0.0,33797.0,15.0,0.0,21.39,0.0,0.0,0.0,0.0,72.33,0.21,0.0,0.0,0.0,0.0,189.23,0.0,78085.0,897.0,73830.0,9.45,391613.0,4017.0,5500.0,False,112189.61,68.64,466340.0,0,0,1.3691809808314663,13,578598.25,-0.9210642150350983,0.19946163016376514
2022,Madhya Pradesh,52.0,0.0,0.0,0.0,0.0,0.0,0.0,0.0,0.0,24546.0,11.48,0.0,49.53,0.0,0.0,0.0,0.0,6.29,3.52,0.0,0.0,0.28,0.0,235.84,0.0,66927.0,20.0,94430.0,218.33,58283.0,4836.0,6082.0,False,92050.27,0.0,152733.0,0,0,1.2576509511993383,13,244783.27000000002,-0.5769374172839271,0.20566786067233572
2023,Madhya Pradesh,40.4,0.0,0.0,0.0,0.0,0.0,0.0,0.0,0.0,16421.0,125.82,0.0,36.1,0.0,0.0,0.0,0.0,0.0,2.24,0.0,0.0,0.0,0.0,671.19,0.0,114262.0,394.0,74720.0,0.56,193619.0,6537.0,4969.0,False,131559.31,0.0,268733.0,0,0,0.7601346183264495,11,400292.31,0.6352927632676857,0.1945477825674758
2024,Madhya Pradesh,101.12,3.0,0.0,0.05,0.0,10.62,0.0,0.0,0.0,15473.0,71.0,0.25,22.57,0.0,0.0,0.0,0.0,0.11,1079.13,0.0,0.0,0.0,0.0,261.0,0.0,129958.0,18511.0,26153.0,6.32,281449.0,4351.0,5489.0,False,146975.55000000002,10.62,326113.0,0,0,1.261549069179499,17,473099.17000000004,0.1818842335492281,0.2593001105682077
2018,Maharashtra,0.0,23.57,0.0,7.1,0.0,0.0,0.0,24.13,0.0,28943.0,95.6,0.0,13.16,0.0,239.91,138.0,0.0,0.06,103.55,0.0,2.29,0.0,0.0,473.27,0.0,70.75,0.0,10949.0,0.0,233794.0,778.0,1061.0,False,29996.39,0.0,244881.0,0,1,1.3637532133676094,15,274877.39,0.0,0.19476178409687153
2019,Maharashtra,0.0,8.1,0.0,30.31,0.0,0.0,0.0,108.03,0.0,9912.0,66.9,0.0,3.54,0.65,9.0,16636.0,0.0,3.79,43.14,0.0,25.34,75.74,0.0,634.45,0.0,0.0,0.0,18085.0,0.05,30303.0,1196.0,1565.0,False,10921.04,0.0,65024.0,0,1,1.3085284280936456,17,75945.04000000001,-0.7237130343823477,0.22634725786593524
2020,Maharashtra,0.0,4.23,0.0,6.3,0.0,0.0,0.0,49.85,0.0,26282.0,128.7,0.02,9.69,0.01,0.0,46.0,0.0,0.98,3.01,0.0,0.09,0.0,0.0,533.21,0.0,0.0,0.0,9449.0,0.0,2142853.0,967.0,1349.0,False,27018.09,0.0,2152348.0,0,1,1.3950361944157188,15,2179366.09,27.696621793865663,0.2068425649356099
2021,Maharashtra,0.0,5.96,0.0,17.37,0.02,0.0,252.15,16.79,0.0,31012.0,183.16,0.0,433.63,1.13,0.0,2928.0,0.0,6.86,66.46,0.0,4.54,0.02,0.0,44.87,0.0,203.0,0.0,14685.0,13.6,112704.0,3133.0,4016.0,False,32009.41,252.15,130317.0,0,1,1.2818384934567508,20,162578.56,-0.9254009866694769,0.2885909065099353
2022,Maharashtra,0.0,206.01,0.0,89.28,0.0,0.0,444.5,4.62,0.0,15994.0,67.55,0.0,163.37,1.87,0.0,167.0,2.79,0.11,2506.96,0.04,30.33,0.1,0.0,5.88,0.0,21564.0,0.0,88198.0,19.37,23772.0,12786.0,11400.0,False,40656.280000000006,444.5,112137.0,0,1,0.8916001877053027,21,153237.78,-0.05745394718713215,0.3971185574260409
2023,Maharashtra,0.0,10.79,0.0,71.46,0.0,0.0,2767.34,53.75,0.0,18663.0,368.93,2.04,48.87,20.04,33.01,121.0,0.55,5.45,653.99,0.0,5.92,0.41,0.0,12.64,0.0,696.0,95.0,39616.0,381.95,303978.0,15561.0,14372.0,False,21028.8,2767.34,343810.0,0,1,0.9235910288541868,23,367606.14,1.3989262961131388,0.4539486558580904
2024,Maharashtra,0.0,4.0,0.0,37.12,0.0,20103.81,0.0,12.45,0.0,55351.0,83.0,0.65,5.44,0.0,0.0,10.0,0.95,0.05,2177.49,0.0,8.74,136.01,0.0,172.0,0.0,157.0,0.0,14433.0,0.0,127051.0,14553.0,14135.0,False,58145.9,20103.81,141494.0,0,1,0.9712773998488284,19,219743.71000000002,-0.4022305775414958,0.3861648816058637
2018,Manipur,0.0,30.87,0.0,0.0,0.0,0.0,0.0,63.0,0.0,2970.0,0.0,0.0,47.14,0.0,0.0,0.0,0.0,0.0,0.0,0.0,0.0,0.0,0.0,255.49,0.0,0.0,4832.0,4817.0,8.34,1460267.0,329.0,494.0,False,3374.84,0.0,1469916.0,1,0,1.5015197568389058,9,1473290.84,0.0,0.11110178560918152
2019,Manipur,0.0,113.19,0.0,0.0,0.0,0.0,0.0,0.0,0.0,61.0,0.0,0.0,746.62,2.2,0.0,0.0,0.0,0.0,0.0,0.0,3.52,0.0,0.0,235.15,0.0,2100.0,0.0,2507.0,108.05,7129088.0,275.0,422.0,False,3369.7300000000005,0.0,7131595.0,1,0,1.5345454545454544,10,7134964.73,3.842875918511785,0.15528548166136297
2020,Manipur,0.0,213.55,0.0,0.0,0.0,0.0,0.0,0.0,0.0,139.0,0.0,0.0,701.68,0.0,0.0,0.0,0.0,0.0,0.0,0.0,0.0,0.0,684.0,196.45,0.0,0.0,295.0,23517.0,61.42,1876402.0,257.0,381.0,False,1312.1,684.0,1900214.0,1,0,1.482490272373541,10,1902210.1,-0.7333960051684796,0.12698917561650203
2021,Manipur,0.0,31.49,0.0,0.0,0.0,0.0,0.0,0.0,0.0,1322.0,0.0,0.0,213.23,0.0,0.0,0.0,0.0,0.0,0.0,0.0,0.0,62.32,26.5,819.17,0.0,202.0,0.0,6262.0,29.86,998592.0,325.0,417.0,False,2680.07,26.5,1004854.0,1,0,1.283076923076923,11,1007560.57,-0.4703210912401318,0.13713133768346747
2022,Manipur,0.0,254.55,0.0,0.0,0.0,0.0,0.0,118.0,0.0,5136.0,0.0,0.0,629.5,0.0,0.0,0.0,0.0,0.0,0.0,0.0,0.0,0.0,0.0,515.7,0.0,3250.0,0.0,39952.0,328.51,490451.0,503.0,643.0,False,10232.26,0.0,530403.0,1,0,1.2783300198807157,9,540635.26,-0.46342157871461753,0.10778941727180473
2023,Manipur,0.0,15.72,0.0,0.0,0.0,0.0,0.0,143.68,0.0,491.0,0.0,0.0,183.61,0.0,0.0,0.0,0.0,0.0,0.0,0.0,0.0,0.33,0.0,124.44,0.0,0.0,0.0,12360.0,113.48,15541.0,269.0,354.0,False,1072.26,0.0,27901.0,1,0,1.3159851301115242,9,28973.26,-0.9464088598290833,0.10275402785922537
2024,Manipur,0.0,49.0,0.0,0.0,0.0,0.0,0.0,0.0,0.0,130.0,0.0,0.0,22.32,0.0,0.0,0.0,0.0,0.0,0.0,0.0,0.0,0.0,0.0,20.0,0.0,0.0,0.0,195.0,46.78,0.0,87.0,114.0,False,268.1,0.0,195.0,1,0,1.3103448275862069,6,463.1,-0.9840162964057203,0.05796586656007759
2018,Meghalaya,0.0,2.9,0.0,0.0,0.0,0.0,0.0,0.0,0.0,2262.0,0.0,0.0,1.93,0.0,0.0,0.0,0.0,0.0,0.0,0.0,0.0,0.0,0.0,0.0,0.0,0.0,0.0,1470.0,0.0,92796.0,79.0,152.0,False,2266.83,0.0,94266.0,1,0,1.9240506329113924,5,96532.83,0.0,0.04411827933122588
2019,Meghalaya,0.0,0.0,0.0,0.0,0.0,0.0,0.0,0.0,0.0,1225.0,0.0,0.0,3.5,0.0,0.0,0.0,0.0,0.0,0.0,0.0,0.0,0.0,0.0,0.14,0.0,0.0,0.0,104.0,19.11,32001.0,92.0,159.0,False,1247.75,0.0,32105.0,1,0,1.7282608695652173,6,33352.75,-0.6544931915908816,0.05819145421863257
2020,Meghalaya,0.0,0.38,0.0,0.0,0.0,0.0,0.0,0.0,0.0,945.0,0.0,0.0,109.1,0.0,0.0,0.0,0.0,0.0,0.0,0.0,0.0,0.0,0.0,0.0,0.0,0.0,0.0,259.0,40.42,8025.0,78.0,120.0,False,1094.9,0.0,8284.0,1,0,1.5384615384615385,6,9378.9,-0.7187968008634971,0.05792586596337046
2021,Meghalaya,0.0,12.52,0.0,0.0,0.0,0.0,0.0,0.0,0.0,2266.0,0.0,0.0,3.29,0.0,0.0,0.0,0.0,0.0,0.0,0.0,0.0,0.0,0.0,2.01,0.0,0.0,192.0,683.0,9.08,18948.0,73.0,117.0,False,2292.9,0.0,19823.0,1,0,1.6027397260273972,8,22115.9,1.3580483852050884,0.08651690148922855
2022,Meghalaya,0.0,0.77,0.0,0.0,0.0,0.0,0.0,0.0,0.0,5040.0,0.0,0.0,11.35,0.0,0.0,0.0,0.0,0.0,0.0,0.0,0.0,0.0,0.0,0.64,0.0,0.0,0.0,3443.0,0.0,14672.0,118.0,243.0,False,5052.760000000001,0.0,18115.0,1,0,2.059322033898305,6,23167.760000000002,0.04756125683331902,0.05839069314130416
2023,Meghalaya,0.0,17.03,0.0,0.0,0.0,0.0,43.2,0.0,0.0,1448.0,0.0,0.0,20.87,0.0,0.0,0.0,0.0,0.0,0.0,0.0,0.0,0.0,0.0,0.0,0.0,0.0,0.0,67076.0,0.0,32847.0,185.0,349.0,False,1485.9,43.2,99923.0,1,0,1.8864864864864865,7,101452.1,3.3790206735567008,0.0737515696266891
2024,Meghalaya,0.0,0.0,0.0,0.0,0.0,0.0,0.0,0.0,0.0,5439.0,0.0,0.0,6.13,0.0,0.0,0.0,0.0,0.0,0.0,0.0,0.0,0.0,0.0,0.0,5339.0,0.0,0.0,10.0,13.54,6896.0,98.0,168.0,False,5458.67,0.0,12245.0,1,0,1.7142857142857142,6,17703.67,-0.8254972543693033,0.0581659661053646
2018,Mizoram,0.0,134.74,0.0,0.0,0.03,0.0,0.0,123.0,0.0,277.0,0.0,0.0,19.76,0.0,0.0,0.0,0.0,0.0,0.0,0.0,0.0,0.04,0.0,0.63,0.0,0.0,0.0,5407.0,0.0,56059.0,670.0,856.0,False,555.1999999999999,0.0,61466.0,1,0,1.2776119402985076,9,62021.2,0.0,0.1068486610002298
2019,Mizoram,0.0,85.9,0.0,0.0,0.0,0.0,0.0,344.69,0.0,392.0,0.0,0.0,23.78,0.0,0.0,0.0,0.0,0.0,0.0,0.0,0.0,0.0,0.0,2.18,0.0,0.0,0.0,28458.0,0.0,925180.0,920.0,1244.0,False,848.55,0.0,953638.0,1,0,1.3521739130434782,7,954486.55,14.38968207645128,0.08551532468513251
2020,Mizoram,0.0,594.27,0.0,0.0,0.0,0.0,0.0,0.0,0.0,125.0,0.0,0.0,20.36,0.0,0.0,0.0,0.0,0.0,0.0,0.0,0.0,0.0,0.0,0.14,0.0,0.0,0.0,1633.0,0.0,6151.0,522.0,707.0,False,739.77,0.0,7784.0,1,0,1.3544061302681993,6,8523.77,-0.9910697851111678,0.06225833749554445
2021,Mizoram,0.0,166.05,0.0,0.0,0.0,0.0,0.0,0.0,0.0,322.0,0.0,0.0,34.52,0.0,0.0,0.0,0.0,0.0,0.0,0.0,0.0,0.0,0.0,0.0,0.0,0.0,0.0,1793.0,0.0,7554.0,534.0,714.0,False,522.57,0.0,9347.0,1,0,1.3370786516853932,5,9869.57,0.15788788294381462,0.04809707347666889
2022,Mizoram,0.0,332.3,0.0,0.0,0.0,0.0,100.8,59.33,0.0,306.0,0.0,0.0,81.79,0.0,0.0,0.0,0.0,0.0,0.0,0.0,0.0,0.0,0.0,0.01,0.0,0.0,0.0,0.0,1.04,0.0,781.0,1129.0,False,780.4699999999999,100.8,0.0,1,0,1.4455825864276568,9,881.2699999999999,-0.9107083692602616,0.10760436577624502
2023,Mizoram,0.0,276.65,0.0,0.0,1.1,0.0,253.3,216.66,0.0,287.0,0.0,0.0,145.29,0.0,0.0,0.0,0.0,0.0,0.0,0.0,0.0,0.0,0.0,4.98,0.0,0.0,0.0,99.0,1.74,0.0,982.0,1458.0,False,933.42,253.3,99.0,1,0,1.4847250509164969,10,1285.72,0.45893993895174034,0.12385565547654687
2024,Mizoram,0.0,849.0,0.0,0.0,0.0,204.23,0.0,0.0,0.0,742.0,0.0,0.0,134.3,0.0,0.0,0.0,0.0,0.0,0.0,0.0,0.0,0.0,0.0,0.0,0.0,0.0,0.0,418.0,1.93,0.0,866.0,1187.0,False,1727.23,204.23,418.0,1,0,1.3706697459584296,7,2349.46,0.8273496562237501,0.07987112151009962
2018,Nagaland,0.0,0.0,0.0,0.0,0.0,0.0,0.0,0.0,0.0,3033.0,0.0,0.0,3.71,0.0,0.0,0.0,0.0,0.0,0.0,0.0,0.0,0.0,0.0,3.13,0.0,0.0,0.0,8029.0,0.0,370176.0,77.0,96.0,False,3039.84,0.0,378205.0,1,0,1.2467532467532467,5,381244.84,0.0,0.04562876659807426
2019,Nagaland,0.0,0.0,0.0,0.0,0.0,0.0,0.0,0.0,0.0,2272.0,0.0,0.0,11.39,0.0,0.0,0.0,0.0,0.0,0.0,0.0,0.0,0.0,0.0,128.8,0.0,3430.0,0.0,20573.0,0.0,644453.0,151.0,183.0,False,5842.1900000000005,0.0,665026.0,1,0,1.2119205298013245,6,670868.19,0.759678085085689,0.062193742196235045
2020,Nagaland,0.0,0.0,0.0,0.0,0.0,0.0,0.0,0.0,0.0,880.0,0.0,0.0,7.22,0.0,0.0,0.0,0.0,0.0,0.0,0.0,0.0,0.0,0.0,1.9,0.0,0.0,6136.0,871.0,0.0,56012.0,75.0,54.0,False,889.12,0.0,63019.0,1,0,0.72,6,63908.12,-0.9047381870945468,0.0581895978966228
2021,Nagaland,0.0,0.8,0.0,0.0,0.0,0.0,0.0,0.0,0.0,1957.0,0.0,0.0,70.62,0.0,0.0,0.0,0.0,0.0,0.0,0.0,0.0,0.0,0.0,77.72,0.0,0.0,0.0,2457.0,0.0,150060.0,147.0,201.0,False,2106.14,0.0,152517.0,1,0,1.3673469387755102,6,154623.14,1.4194599997621586,0.05938040259718273
2022,Nagaland,0.0,8.9,0.0,0.0,0.0,0.0,0.0,0.0,0.0,2418.0,0.0,0.0,13.83,0.0,0.0,0.0,0.0,0.0,0.0,0.0,0.0,0.0,0.0,86.75,0.0,0.0,0.0,4524.0,0.0,437900.0,211.0,291.0,False,2527.48,0.0,442424.0,1,0,1.3791469194312795,6,444951.48,1.8776513010924494,0.061565770792233535
2023,Nagaland,0.0,0.92,0.0,0.0,0.0,0.0,0.0,0.0,0.0,1172.0,0.0,0.0,49.07,0.0,0.0,0.0,0.0,0.0,0.0,0.0,0.0,0.0,0.0,38.26,0.0,0.0,0.0,8898.0,0.0,119906.0,343.0,492.0,False,1260.25,0.0,128804.0,1,0,1.434402332361516,6,130064.25,-0.7076889147553795,0.061162985822193795
2024,Nagaland,0.0,1.0,0.0,0.0,0.0,0.0,0.0,0.0,0.0,545.0,0.0,0.0,16.56,0.0,0.0,0.0,0.0,0.0,0.0,0.0,0.0,0.0,0.0,44.0,0.0,0.0,6193.0,28467.0,0.0,282403.0,169.0,289.0,False,606.56,0.0,317063.0,1,0,1.7100591715976332,7,317669.56,1.442404888353256,0.07475721732644619
2018,New Delhi,9651.0,34.81,0.0,10.22,0.0,0.0,0.0,102.33,0.0,48598.0,340.1,0.5,243.02,578.05,343.99,0.0,0.0,0.0,3.54,0.0,85.96,1.58,0.0,56.38,0.0,1529.74,0.0,115455.0,8.87,74256322.0,629.0,814.0,False,61588.09,0.0,74371777.0,0,0,1.2941176470588236,18,74433365.09,0.0,0.634686302225561
2019,New Delhi,0.0,138.68,0.0,28.53,0.0,0.0,0.0,142.5,0.0,40577.0,364.89,0.0,922.97,2.96,852.24,0.0,0.0,0.0,10.03,0.0,8.18,0.0,0.0,11.35,0.0,1697.0,0.0,67.0,59.2,1867172.0,841.0,1125.0,False,44815.52999999999,0.0,1867239.0,0,0,1.33769322235434,15,1912054.53,-0.9743118623256107,0.20417526093628666
2020,New Delhi,0.0,101.97,0.0,7.85,2.24,0.0,2528.0,771.85,0.0,43547.0,145.26,0.0,328.61,11.06,0.0,0.0,0.0,0.06,270.42,0.0,1.14,0.92,0.0,35.36,0.0,686.0,0.0,97929.0,23.66,11525345.0,914.0,1140.0,False,45933.4,2528.0,11623274.0,0,0,1.2472647702407003,19,11671735.4,5.1042900277535495,0.3144790770952347
2021,New Delhi,0.0,78.85,0.0,7.71,0.0,0.0,0.0,91.32,0.0,14320.0,329.02,0.0,802.86,0.0,0.0,639.0,0.0,1.03,0.85,0.2,2.69,0.0,0.0,54.1,0.0,1.0,16278.0,82977.0,146.0,5221203.0,712.0,917.0,False,15835.630000000005,0.0,5321097.0,0,0,1.2879213483146068,17,5336932.63,-0.5427472910326601,0.24989166524521866
2022,New Delhi,2.75,24.59,0.0,51.64,0.0,0.0,0.0,13.28,0.0,4764.0,92.6,0.0,449.09,0.0,0.0,0.0,0.01,1.13,0.0,1.76,1.66,0.0,0.0,83.29,0.0,243.0,2385.0,0.0,4.31,564644.0,1343.0,1573.0,False,5733.1100000000015,0.0,567029.0,0,0,1.1712583767684288,17,572762.11,-0.8926795315383249,0.23045304091658642
2023,New Delhi,0.0,17.55,0.0,62.27,0.0,0.0,0.0,25.44,0.0,3733.0,82.28,0.0,94.86,8.83,286.7,29013.0,0.0,1.6,0.11,0.0,15.69,0.0,0.0,405.43,0.0,346.0,2141.0,36947.0,2.58,564269.0,1415.0,1655.0,False,5082.34,0.0,632370.0,0,0,1.1696113074204948,18,637452.34,0.11294432517542052,0.24578970439344894
2024,New Delhi,0.0,38.0,0.0,1396.39,0.0,0.0,0.0,87.56,0.0,4903.0,64.0,0.0,233.92,0.0,0.0,0.0,0.0,8.17,0.0,3.8,0.45,0.0,0.0,132.0,0.0,1099.0,92124.0,560108.0,454.48,2805941.0,1854.0,2177.0,False,8420.77,0.0,3458173.0,0,0,1.174217907227616,15,3466593.77,4.43820071317018,0.22242440749387854
2018,Odisha,0.0,0.0,0.0,0.0,0.0,0.0,0.0,0.0,0.0,48861.0,0.0,0.0,0.73,0.0,0.0,0.0,0.0,0.0,0.0,0.0,0.0,0.0,0.0,0.0,0.0,0.0,0.0,6340.0,0.0,187.0,630.0,934.0,False,48861.73,0.0,6527.0,0,1,1.4825396825396826,4,55388.73,0.0,0.034993720366013815
2019,Odisha,0.0,0.0,0.0,0.0,0.0,0.0,0.0,0.0,0.0,44745.0,0.0,0.0,2.52,0.0,0.0,0.0,0.0,0.0,0.0,0.0,0.0,0.0,0.0,0.0,0.0,39.0,0.0,23385.0,0.0,274.0,870.0,1491.0,False,44786.52,0.0,23659.0,0,1,1.7137931034482758,5,68445.51999999999,0.23573008444136523,0.051693961491771384
2020,Odisha,0.0,0.0,0.0,0.0,0.0,0.0,0.0,0.0,0.0,138432.0,0.0,0.0,34.23,0.0,0.0,0.0,0.0,0.0,0.0,0.0,0.0,0.0,0.0,0.95,0.0,0.0,11920.0,54896.0,0.0,5650.0,1246.0,2078.0,False,138467.18000000002,0.0,72466.0,0,1,1.667736757624398,6,210933.18000000002,2.081767513783226,0.07041822655085676
2021,Odisha,0.0,0.0,0.0,0.0,0.0,0.0,0.0,0.0,0.0,171713.0,0.0,0.0,49.63,0.0,0.0,0.0,0.0,0.0,0.0,0.0,0.0,0.0,0.0,30.01,0.0,442.0,808.0,13045.0,0.0,0.0,1700.0,2683.0,False,172234.64,0.0,13853.0,0,1,1.578235294117647,6,186087.64,-0.11778867601578857,0.07471945688647344
2022,Odisha,0.0,0.0,0.0,0.4,4.3,0.0,7.63,0.0,0.0,184109.0,0.0,0.0,66.99,0.0,0.0,0.0,0.0,0.0,0.0,0.0,0.0,0.0,0.0,11.86,0.0,1024.0,0.0,0.0,0.0,0.0,2507.0,3521.0,False,185216.55,7.63,0.0,0,1,1.4044674910251296,9,185224.18,-0.00464007174254033,0.12545487178108383
2023,Odisha,0.0,0.0,0.0,0.0,25.15,0.0,3.42,0.0,0.0,212777.0,0.0,0.0,51.91,0.0,0.0,0.0,0.0,0.0,0.0,0.0,0.0,0.0,0.0,10.35,0.0,0.0,1500.0,0.0,0.0,0.0,3765.0,4585.0,False,212864.41,3.42,1500.0,0,1,1.2177954847277557,8,214367.83000000002,0.15734257805865326,0.12361412989596185
2024,Odisha,0.0,0.0,0.0,0.0,0.0,17.16,0.0,0.0,0.0,143761.0,0.0,0.0,37.26,0.0,0.0,0.0,0.0,0.0,0.0,0.0,0.0,0.0,0.0,13.0,0.0,140.0,1160.0,1.0,0.0,3810.0,3187.0,4149.0,False,143951.26,17.16,4971.0,0,1,1.3018512707875745,9,148939.42,-0.30521561933989816,0.13190223464868606
2018,Puducherry,0.0,0.0,0.0,0.0,0.0,0.0,0.0,0.0,0.0,2.0,0.0,0.0,0.0,0.0,0.0,0.0,0.0,0.0,0.0,0.0,0.0,0.0,0.0,0.0,0.0,0.0,0.0,0.0,0.0,0.0,19.0,49.0,False,2.0,0.0,0.0,0,0,2.5789473684210527,2,2.0,0.0,0.00015629602089814972
2019,Puducherry,0.0,0.0,0.0,0.0,0.0,0.0,0.0,0.0,0.0,4.0,0.0,0.0,0.0,0.0,0.0,0.0,0.0,0.0,0.0,0.0,0.0,0.0,0.0,0.0,0.0,0.0,0.0,0.0,0.0,0.0,23.0,45.0,False,4.0,0.0,0.0,0,0,1.9565217391304348,2,4.0,1.0,0.00019537944394235263
2020,Puducherry,0.0,0.0,0.0,0.0,0.0,0.0,0.0,0.0,0.0,13.0,0.0,0.0,0.0,0.0,0.0,0.0,0.0,0.0,0.0,0.0,0.0,0.0,0.0,0.0,0.0,0.0,0.0,0.0,0.0,0.0,36.0,66.0,False,13.0,0.0,0.0,0,0,1.8333333333333333,2,13.0,2.25,0.0003224140036714835
2021,Puducherry,0.0,0.0,0.0,0.0,0.0,0.0,0.0,0.0,0.0,35.0,0.0,0.0,0.0,0.0,0.0,0.0,0.0,0.0,0.0,0.0,0.0,0.0,0.0,0.0,0.0,0.0,0.0,0.0,0.0,0.0,71.0,129.0,False,35.0,0.0,0.0,0,0,1.8169014084507042,2,35.0,1.6923076923076925,0.0006644181380121076
2022,Puducherry,0.0,0.0,0.0,0.0,0.0,0.0,0.0,0.0,0.0,61.0,0.0,0.0,0.0,0.0,0.0,0.0,0.0,0.0,0.0,0.0,0.0,0.0,0.0,0.0,0.0,0.0,0.0,0.0,0.0,0.0,141.0,273.0,False,61.0,0.0,0.0,0,0,1.9361702127659575,2,61.0,0.7428571428571429,0.0013483296758779616
2023,Puducherry,0.0,0.0,0.0,0.0,0.0,0.0,0.0,0.0,0.0,129.0,0.0,0.0,0.0,0.0,0.0,0.0,0.0,0.0,0.0,0.0,0.0,0.0,0.0,0.0,0.0,0.0,0.0,0.0,0.0,0.0,148.0,356.0,False,129.0,0.0,0.0,0,0,2.4054054054054053,2,129.0,1.1147540983606556,0.0014170722849604794
2024,Puducherry,0.0,0.0,0.0,0.0,0.0,0.0,0.0,0.0,0.0,48.0,0.0,0.0,0.0,0.0,0.0,0.0,0.0,0.0,0.0,0.0,0.0,0.0,0.0,0.0,0.0,0.0,0.0,0.0,0.0,0.0,121.0,306.0,False,48.0,0.0,0.0,0,0,2.5289256198347108,2,48.0,-0.627906976744186,0.001152896438854381
2018,Punjab,0.0,2.01,0.0,0.09,0.0,0.0,0.0,0.0,0.0,2200.0,127.34,0.0,481.27,5.0,0.0,0.0,0.0,0.0,0.0,0.0,0.0,0.0,0.0,432.95,0.0,57400.78,53797.0,9683.0,0.0,8376312.0,11637.0,13743.0,False,60649.44,0.0,8439792.0,1,0,1.1809744779582367,11,8500441.44,0.0,0.287895111758899
2019,Punjab,0.0,0.13,0.0,0.62,0.0,0.0,0.0,0.0,0.0,1922.0,157.97,0.0,1061.07,0.0,0.0,0.0,0.0,0.0,0.0,0.0,0.0,0.0,0.0,563.71,0.0,40856.0,0.0,7635.0,0.0,10150244.0,11293.0,15449.0,False,44561.5,0.0,10157879.0,1,0,1.3680155848755866,9,10202440.5,0.20022478503187013,0.2651098640611627
2020,Punjab,0.0,1.1,0.0,0.01,0.0,0.0,0.0,0.0,0.0,812.0,60.21,0.0,952.46,0.0,0.0,0.0,0.0,0.0,0.0,0.0,0.0,0.0,0.0,343.32,0.0,34116.0,47769.0,5197.0,0.0,10545407.0,7189.0,10251.0,False,36285.1,0.0,10598373.0,1,0,1.425928501877869,10,10634658.1,0.042364138266721474,0.24162972255334242
2021,Punjab,0.0,0.0,0.0,5.87,0.0,0.0,0.0,0.0,0.0,2545.0,93.03,0.0,819.67,0.0,0.0,0.0,0.0,0.0,0.0,0.0,0.0,0.0,0.0,731.79,0.0,31966.0,100752.0,5872.0,0.0,9245728.0,9913.0,13345.0,False,36161.36,0.0,9352352.0,1,0,1.3462120447896702,9,9388513.36,-0.11717769657305677,0.24725580024084953
2022,Punjab,0.0,0.0,0.0,0.19,0.0,0.0,0.0,0.0,0.0,2032.0,72.67,0.0,1614.74,0.0,0.0,0.0,0.0,0.0,0.0,0.0,0.5,0.0,0.0,864.89,0.0,45829.0,28688.0,6525.0,0.0,5673464.0,12423.0,16831.0,False,50413.99,0.0,5708677.0,1,0,1.3548257264750865,10,5759090.99,-0.3865811583613702,0.26655534123980024
2023,Punjab,0.0,1.05,0.0,0.09,0.0,0.0,0.0,0.0,0.0,1809.0,59.75,0.0,1404.74,0.0,0.0,0.0,0.0,0.0,0.0,0.0,0.0,0.0,0.0,901.15,0.0,42594.0,84143.0,3507.0,0.0,8142384.0,11564.0,15870.0,False,46769.78,0.0,8230034.0,1,0,1.3723625043237635,10,8276803.78,0.4371719068810893,0.2716945070849797
2024,Punjab,0.0,18.0,0.0,1.84,0.0,0.0,0.0,0.0,0.0,863.0,106.0,0.0,1150.68,0.0,0.0,0.0,0.0,2.92,0.0,0.0,0.0,0.0,0.0,997.0,0.0,41418.0,6952.0,2330.0,0.0,29423513.0,9025.0,12301.0,False,44557.44,0.0,29432795.0,1,0,1.3629916897506926,11,29477352.44,2.561441496442,0.37510919406263404
2018,Rajasthan,0.0,0.0,0.0,0.0,0.0,0.0,0.0,0.0,0.0,4614.0,9.56,0.0,9.72,0.0,0.0,0.0,0.0,0.01,0.0,0.0,0.0,0.0,0.0,2493.92,0.0,120900.66,0.0,2354.0,0.0,1190913.0,1652.0,2127.0,False,128027.87,0.0,1193267.0,1,0,1.2875302663438257,8,1321294.87,0.0,0.1089225422988436
2019,Rajasthan,0.0,0.0,0.0,0.01,0.0,0.0,0.0,0.0,0.0,3856.0,46.31,0.0,12.99,0.0,11.5,0.0,0.0,0.1,0.0,0.0,0.0,0.0,0.0,1088.68,0.0,119510.0,0.0,8829.0,0.0,3168995.0,2412.0,2945.0,False,124525.59,0.0,3177824.0,1,0,1.220978441127695,10,3302349.59,1.499328246086356,0.15556383684156008
2020,Rajasthan,21.38,0.0,0.0,0.01,0.0,0.0,11.09,0.0,0.0,14786.0,39.81,0.0,37.66,0.0,0.0,0.0,0.0,112.14,0.0,0.0,0.02,0.0,0.0,1318.48,0.0,139954.0,9090.0,16996.0,0.0,4290359.0,3042.0,3898.0,False,156269.5,11.09,4316445.0,1,0,1.2813938198553583,14,4472725.59,0.3544070571886364,0.22515016392177378
2021,Rajasthan,24050.0,0.05,0.0,0.04,181.67,155.7,160.1,0.0,0.0,13287.0,12.97,0.0,114.9,0.0,0.0,0.0,0.0,0.76,60.11,0.0,0.03,0.0,0.0,670.34,0.0,412219.0,14300.0,70915.0,867.7,10055355.0,2962.0,3941.0,False,451464.57,315.79999999999995,10140570.0,1,0,1.3305199189736665,19,10592350.37,1.3682093070234607,0.32868374266990674
2022,Rajasthan,0.0,0.0,0.0,0.04,0.0,0.0,0.0,0.0,0.0,9603.0,14.66,0.0,80.65,0.0,0.0,0.0,0.0,0.21,10.14,0.0,3.99,0.05,0.0,686.2,0.0,165011.0,531.0,9838.0,0.0,1488522.0,3738.0,4515.0,False,175409.94,0.0,1498891.0,1,0,1.2078651685393258,13,1674300.94,-0.8419330100010656,0.20262454521655351
2023,Rajasthan,0.0,0.0,0.0,0.34,3.37,0.0,0.0,0.0,0.0,56637.0,10.67,0.0,159.95,0.0,0.0,0.0,0.0,0.01,12.85,0.0,0.33,0.0,0.0,3081.68,0.0,234427.0,255.0,2537.0,8.58,489083.0,5098.0,6001.0,False,294341.78,0.0,491875.0,1,0,1.177128285602197,14,786216.78,-0.5304208692614124,0.22542246323161433
2024,Rajasthan,0.0,0.0,0.0,0.22,0.0,0.01,0.0,52.4,0.0,15196.0,6.0,0.0,118.35,0.0,0.0,10.0,0.0,0.1,151.96,0.0,0.09,0.0,0.0,3401.0,0.0,211636.0,9.0,13701.0,3.82,1678134.0,5462.0,6474.0,False,230565.94,0.01,1691854.0,1,0,1.1852801171731966,17,1922419.95,1.4451525315956752,0.27794110058814436
2018,Sikkim,0.0,0.0,0.0,0.0,0.0,0.0,0.0,0.0,0.0,0.0,0.0,0.0,0.02,0.0,0.0,0.0,0.0,0.0,0.0,0.0,0.0,0.0,0.0,0.0,0.0,0.0,0.0,78.0,0.0,481.0,4.0,5.0,False,0.02,0.0,559.0,1,0,1.25,3,559.02,0.0,0.014298481162844535
2019,Sikkim,0.0,0.0,0.0,0.0,0.0,0.0,0.0,0.0,0.0,0.0,0.0,0.0,0.33,0.0,0.0,0.0,0.0,0.0,0.0,0.0,0.0,0.0,0.0,0.0,0.0,0.0,0.0,12.0,0.0,576.0,18.0,24.0,False,0.33,0.0,588.0,1,0,1.3333333333333333,3,588.33,0.052431040034345955,0.014435393035970993
2020,Sikkim,0.0,0.0,0.0,0.0,0.0,0.0,0.0,0.0,0.0,0.0,0.0,0.0,0.74,0.0,0.0,0.0,0.0,0.0,0.0,0.0,0.0,0.0,0.0,0.0,0.0,0.0,28140.0,788.0,0.0,7445.0,19.0,26.0,False,0.74,0.0,36373.0,1,0,1.368421052631579,4,36373.74,60.82540410993829,0.02892318392805006
2021,Sikkim,0.0,0.0,0.0,0.0,0.0,0.0,0.0,0.0,0.0,1.0,0.0,0.0,0.59,0.0,0.0,0.0,0.0,0.0,0.0,0.0,0.0,0.0,0.0,0.0,0.0,0.0,0.0,4143.0,0.0,47281.0,48.0,80.0,False,1.59,0.0,51424.0,1,0,1.6666666666666667,4,51425.59,0.4138108976420902,0.029287348474391066
2022,Sikkim,0.0,0.0,0.0,0.0,0.0,0.0,0.0,0.0,0.0,2.0,0.0,0.0,0.47,0.0,0.0,0.0,0.0,0.0,0.0,0.0,0.0,0.0,0.0,0.0,0.0,0.0,0.0,178.0,0.0,11439.0,44.0,68.0,False,2.47,0.0,11617.0,1,0,1.5454545454545454,4,11619.47,-0.7740527624476452,0.029034360330032805
2023,Sikkim,0.0,0.0,0.0,0.0,0.0,0.0,0.0,0.0,0.0,1.0,0.0,0.0,0.33,0.0,0.0,0.0,0.0,0.0,0.0,0.0,0.0,0.0,0.0,0.0,0.0,0.0,0.0,2.0,0.0,1351.0,27.0,38.0,False,1.33,0.0,1353.0,1,0,1.4074074074074074,4,1354.33,-0.8834430486072085,0.028813137273739062
2024,Sikkim,0.0,0.0,0.0,0.0,0.0,0.0,0.0,0.0,0.0,0.0,0.0,0.0,2.48,0.0,0.0,0.0,0.0,0.0,0.0,0.0,0.0,0.0,0.0,0.0,0.0,0.0,0.0,0.0,0.0,2493.0,33.0,31.0,False,2.48,0.0,2493.0,1,0,0.9393939393939394,3,2495.48,0.8425937548455695,0.014592164466468075
2018,Tamil Nadu,0.0,1.04,0.0,1.93,0.0,0.0,0.0,24.34,0.0,13684.0,466.93,0.0,0.12,14.65,0.0,0.0,0.0,0.25,0.0,0.0,0.0,0.0,0.0,0.0,0.0,0.0,0.0,97.0,0.0,514746.0,3668.0,4594.0,False,14193.26,0.0,514843.0,0,1,1.252453653217012,10,529036.26,0.0,0.15292905352705763
2019,Tamil Nadu,0.0,9.91,0.0,0.17,0.0,0.0,0.0,88.95,0.0,12590.0,0.32,4.36,0.06,0.1,0.0,0.0,0.0,0.04,0.0,0.0,9.93,0.0,0.0,0.02,0.0,0.0,0.0,0.0,0.01,69347.0,4289.0,5631.0,False,12703.870000000004,0.0,69347.0,0,1,1.3128934483562602,14,82050.87000000001,-0.8449050165294908,0.2137358734191271
2020,Tamil Nadu,0.0,126.77,0.0,0.38,0.0,0.0,0.0,2.52,0.0,16223.0,27.22,0.0,97.7,216.99,0.0,368.0,0.0,137.0,0.0,0.0,4.0,0.0,0.0,2.23,0.0,0.0,0.0,79.0,5.0,5873.0,5380.0,7198.0,False,16842.81,0.0,6320.0,0,1,1.3379182156133829,14,23162.81,-0.717701835458905,0.2240764850144008
2021,Tamil Nadu,0.0,19.3,0.0,303.45,0.0,0.0,0.0,152.97,0.0,22054.0,33.71,10.1,350.86,0.0,46.8,99.0,0.0,0.25,0.0,0.0,0.01,0.0,0.0,0.0,0.0,0.0,41.0,0.0,5.48,28814.0,6911.0,9632.0,False,22976.93,0.0,28954.0,0,1,1.393720156272609,15,51930.93,1.241996113597616,0.2534718637065911
2022,Tamil Nadu,0.0,111.82,0.0,7.37,0.0,0.0,0.0,100.79,0.0,8961.0,52.38,7.34,12.17,0.0,0.0,0.0,0.59,0.04,0.0,0.1,0.56,0.0,0.0,0.0,0.0,206.0,0.0,0.0,0.0,60.0,584.0,588.0,False,9460.16,0.0,60.0,0,1,1.0068493150684932,14,9520.16,-0.8166764970317304,0.177155032775328
2023,Tamil Nadu,0.0,80.22,0.0,2.96,0.0,0.0,0.0,49.15,0.0,6805.0,1.35,0.0,11.92,0.0,0.0,2670.0,0.0,2.17,0.0,0.05,2.15,0.0,0.0,1.15,0.0,0.0,0.0,0.0,3.2,4050.0,443.0,421.0,False,6959.32,0.0,6720.0,0,1,0.9503386004514672,14,13679.32,0.4368792121140821,0.1758000720274999
2024,Tamil Nadu,0.0,102.0,0.0,7.35,0.0,0.0,0.0,112.07,0.0,7334.0,209.0,82.83,0.03,5.0,0.0,3905.0,0.0,1.47,0.02,0.06,3.81,0.0,0.0,0.0,0.0,0.0,0.0,0.0,0.79,510.0,481.0,488.0,False,7858.430000000001,0.0,4415.0,0,1,1.0145530145530146,16,12273.43,-0.10277484553325744,0.20473513585140185
2018,Telangana,0.0,0.03,0.0,0.24,0.0,0.0,0.0,0.0,0.0,5192.0,0.89,0.0,0.03,0.0,0.0,139.0,0.0,0.01,0.0,0.0,0.0,0.0,0.0,5.0,0.0,0.0,0.0,0.0,0.0,0.0,298.0,694.0,False,5198.200000000001,0.0,139.0,0,0,2.3288590604026846,9,5337.200000000001,0.0,0.10291028612333294
2019,Telangana,0.0,0.13,0.0,0.37,0.0,0.0,0.0,0.6,0.0,11539.0,0.01,0.01,0.78,0.0,0.0,7.0,0.0,0.01,0.0,0.0,0.0,0.0,0.0,0.25,0.0,0.0,0.0,0.0,0.0,241.0,496.0,1103.0,False,11541.160000000002,0.0,248.0,0,0,2.223790322580645,12,11789.160000000002,1.2088660720977291,0.14773619880806568
2020,Telangana,0.0,0.0,0.0,0.02,0.0,0.0,0.0,0.0,0.0,17973.0,2.0,10.34,0.0,0.0,0.0,70.0,0.0,0.01,0.17,0.0,0.0,0.0,0.0,0.15,0.0,0.0,0.0,0.0,89.0,509.0,473.0,1097.0,False,18074.69,0.0,579.0,0,0,2.3192389006342493,11,18653.69,0.5822747337384508,0.13326270617322616
2021,Telangana,0.0,0.01,0.0,0.22,0.0,0.0,0.0,17.2,0.0,41400.0,0.04,28.0,15.2,0.01,0.0,79.0,0.0,0.1,0.07,0.0,0.0,0.0,0.0,1.47,0.0,400.0,0.0,0.0,146.52,234.0,1349.0,2999.0,False,42008.84,0.0,313.0,0,0,2.223128243143069,16,42321.84,1.2688186626881865,0.21337538454236732
2022,Telangana,0.0,0.0,0.0,5.36,0.0,0.0,0.0,20.51,0.0,31694.0,0.41,45.68,0.42,0.0,0.0,314.0,0.0,0.17,25.37,0.0,0.0,0.0,0.0,4.35,0.0,11.0,140.0,0.0,1.94,132.0,1281.0,3036.0,False,31809.209999999992,0.0,586.0,0,0,2.370023419203747,15,32395.209999999992,-0.23455100250839767,0.19837208972300996
2023,Telangana,0.0,0.02,0.0,0.56,0.0,0.0,1.2,0.99,0.0,31132.0,28.21,24.8,6.34,0.13,0.0,9.0,0.0,2.21,0.02,0.0,1.75,0.0,0.0,11.28,0.0,10.0,9.0,2.0,87.53,21407.0,1495.0,3066.0,False,31305.84,1.2,21427.0,0,0,2.0508361204013377,20,52734.04,0.627834485406948,0.2720003488039793
2024,Telangana,0.0,9.0,0.0,0.9,0.0,0.0,0.0,0.0,0.0,24427.0,0.0,119.03,2.85,0.0,0.0,132.0,0.0,2.85,107.04,0.0,0.0,3.64,0.0,7.0,0.0,102.0,3654.0,230.0,76.16,6693.0,2387.0,5463.0,False,24857.47,0.0,10709.0,0,0,2.2886468370339337,15,35566.47,-0.3255500621609875,0.20919272655166063
2018,Tripura,0.0,0.0,0.0,0.0,0.0,0.0,0.0,0.0,0.0,62232.0,0.0,0.0,3.12,0.0,0.0,0.0,0.0,0.0,0.0,0.0,0.0,0.0,0.0,0.0,0.0,0.0,0.0,177649.0,0.0,275280.0,431.0,629.0,False,62235.12,0.0,452929.0,1,0,1.4593967517401392,4,515164.12,0.0,0.03552065746340188
2019,Tripura,0.0,0.0,0.0,0.0,0.0,0.0,0.0,0.0,0.0,15117.0,0.0,0.0,4.28,0.0,0.0,0.0,0.0,0.0,0.0,0.0,0.0,0.0,0.0,0.0,0.0,0.0,0.0,90553.0,0.0,2123163.0,302.0,509.0,False,15121.28,0.0,2213716.0,1,0,1.685430463576159,4,2228837.28,3.3264606238493473,0.04346973047154512
2020,Tripura,0.0,0.0,0.0,0.0,0.0,0.0,0.0,0.0,0.0,12724.0,0.0,0.0,75.32,0.0,0.0,0.0,0.0,0.0,0.0,0.0,0.0,0.0,0.0,0.0,0.0,0.0,0.0,191303.0,0.0,584119.0,329.0,406.0,False,12799.32,0.0,775422.0,1,0,1.2340425531914894,4,788221.32,-0.6463531335046585,0.035991695668934294
2021,Tripura,0.0,0.0,0.0,0.0,0.0,0.0,0.0,0.0,0.0,45848.0,0.0,0.0,4.08,0.0,0.0,0.0,0.0,0.0,0.0,0.0,0.0,0.0,0.0,0.0,0.0,0.0,0.0,213026.0,0.0,1396589.0,394.0,454.0,False,45852.08,0.0,1609615.0,1,0,1.1522842639593909,4,1655467.08,1.1002566639532159,0.04128714828010028
2022,Tripura,0.0,0.0,0.0,0.0,0.0,0.0,0.0,0.0,0.0,84576.0,0.0,0.0,7.74,0.0,0.0,0.0,0.0,0.0,0.0,0.0,0.0,0.0,0.0,0.0,0.0,0.0,0.0,174913.0,0.0,220212.0,627.0,768.0,False,84583.74,0.0,395125.0,1,0,1.2248803827751196,4,479708.74,-0.7102275570469212,0.037244683668266505
2023,Tripura,0.0,2.31,0.0,0.0,0.0,0.0,0.0,0.0,0.0,49053.0,0.0,0.0,21.53,0.0,0.0,0.0,0.0,0.0,0.0,0.0,0.0,0.0,0.0,0.0,0.0,0.0,0.0,308582.0,0.0,444166.0,662.0,1059.0,False,49076.84,0.0,752748.0,1,0,1.5996978851963746,5,801824.84,0.6714826584147706,0.053603314583568734
2024,Tripura,0.0,90.0,0.0,0.0,0.0,0.0,0.0,0.0,0.0,29530.0,0.0,0.0,9.39,0.0,0.0,0.0,0.0,0.0,0.0,0.0,0.0,0.0,0.0,0.0,0.0,0.0,0.0,100143.0,0.0,1896863.0,509.0,846.0,False,29629.39,0.0,1997006.0,1,0,1.662082514734774,5,2026635.39,1.527528817889952,0.05869083604726308
2018,Uttar Pradesh,0.0,0.0,0.0,0.67,0.0,0.0,0.0,0.0,0.0,22308.0,783.0,0.0,102.59,0.0,0.0,0.0,0.0,0.0,0.0,0.0,0.0,9.58,0.0,73.42,0.0,7655.62,17697.0,0.0,0.0,58992.0,8162.0,8395.0,False,30932.88,0.0,76689.0,1,0,1.0285469247733399,10,107621.88,0.0,0.19456255094285968
2019,Uttar Pradesh,0.0,0.0,0.0,0.0,0.0,0.0,0.0,0.0,0.0,33839.0,1382.12,0.0,72.32,0.0,0.0,0.0,0.0,0.0,0.0,0.0,2.0,28.54,0.0,82.9,0.0,11178.0,0.0,0.0,0.2,105323.0,9708.0,10138.0,False,46585.08,0.0,105323.0,1,0,1.0442933662958385,10,151908.08000000002,0.41149810800554687,0.2099021310225783
2020,Uttar Pradesh,0.0,0.0,0.0,0.0,0.0,0.0,0.0,0.0,0.0,39387.0,1238.0,0.0,91.0,0.0,0.0,0.0,0.0,0.0,0.0,0.0,0.0,8.0,0.08,468.42,0.0,9976.0,336.0,0.0,0.0,138560.0,8896.0,9171.0,False,51168.42,0.08,138896.0,1,0,1.0309127697841727,11,190064.5,0.25118097733840083,0.21646114233687125
2021,Uttar Pradesh,0.0,0.0,0.0,11.69,0.0,0.0,82.35,0.0,0.0,39047.0,838.7,0.0,58.64,0.0,0.0,0.0,0.0,0.0,0.0,0.0,0.0,20.18,0.0,95.0,0.0,1965.0,147.0,115272.0,0.16,104541.0,7182.0,7507.0,False,42036.37,82.35,219960.0,1,0,1.0452520189362295,13,262078.72,0.37889358612471025,0.2286769292730193
2022,Uttar Pradesh,0.0,0.0,0.0,0.11,0.0,0.0,366.05,0.0,0.0,45519.0,654.25,0.0,87.3,0.0,0.0,0.0,0.0,0.0,0.0,0.0,10.0,48.35,0.0,212.41,0.0,2129.0,552.0,0.0,34.6,148172.0,10273.0,10732.0,False,48695.02,366.05,148724.0,1,0,1.0446802297284143,14,197785.07,-0.24532190175531987,0.27281054345632955
2023,Uttar Pradesh,0.0,77.14,0.0,0.0,0.0,0.0,16492.0,0.0,0.0,38069.0,1332.76,0.0,107.01,0.0,0.0,0.0,0.0,0.0,1.3,0.0,0.0,61.54,0.0,121.97,0.0,19905.0,26574.0,84445.0,2.98,1512923.0,8221.0,10212.0,False,59678.70000000001,16492.0,1623942.0,1,0,1.2421846490694564,14,1700112.7,7.595758517060968,0.2608396709044255
2024,Uttar Pradesh,0.0,96.0,0.0,1.09,0.0,0.0,0.0,0.0,0.0,41327.0,720.0,0.0,97.16,0.0,0.0,0.0,0.0,26.74,0.44,0.0,0.0,20.23,0.0,368.0,0.0,8374.0,17301.0,24036.0,1.51,5127248.0,6204.0,8054.0,False,51032.170000000006,0.0,5168585.0,1,0,1.29819471308833,14,5219617.17,2.0701595076608745,0.2600508598451832
2018,Uttarakhand,0.0,0.0,0.0,0.5,0.0,0.0,0.0,0.0,0.0,800.0,376.02,0.0,6.11,0.0,0.0,0.0,0.0,0.0,0.0,0.0,0.0,0.0,0.0,6.07,0.0,537.94,28115.0,0.0,0.0,117945.0,1064.0,1125.0,False,1726.64,0.0,146060.0,1,0,1.0573308270676691,9,147786.64,0.0,0.11115821733526264
2019,Uttarakhand,0.0,0.0,0.0,1.55,0.0,0.0,0.0,0.0,0.0,1363.0,217.87,0.0,13.18,0.0,0.0,0.0,0.0,0.0,0.0,0.0,0.0,0.0,0.0,19.17,0.0,367.0,0.0,0.0,0.0,220096.0,1394.0,1494.0,False,1981.77,0.0,220096.0,1,0,1.0717360114777619,8,222077.77,0.5026917859422202,0.10049523439564897
2020,Uttarakhand,0.0,0.0,0.0,0.0,0.0,0.0,0.0,0.0,0.0,1164.0,355.68,0.0,12.68,0.0,0.0,0.0,0.0,0.0,0.0,0.0,0.0,0.0,0.0,28.1,0.0,316.0,5327.0,0.0,0.0,120153.0,1301.0,1479.0,False,1876.46,0.0,125480.0,1,0,1.1368178324365872,8,127356.46,-0.42652314997579444,0.09907776861161562
2021,Uttarakhand,0.0,0.0,0.0,0.0,0.0,0.0,0.0,0.0,0.0,1597.0,286.27,0.0,35.18,0.0,0.0,0.0,0.0,0.0,0.0,0.0,0.0,0.0,0.0,21.19,0.0,221.0,9831.0,2389.0,0.0,793025.0,1811.0,2152.0,False,2160.6400000000003,0.0,805245.0,1,0,1.1882937603533958,8,807405.64,5.339730548415055,0.1077140742348463
2022,Uttarakhand,0.0,0.05,0.0,0.01,0.0,0.0,0.0,0.0,0.0,1233.0,238.21,0.0,21.22,0.0,0.0,0.0,0.0,0.0,0.0,0.0,0.0,0.0,0.0,17.98,0.0,70.0,17506.0,0.0,0.0,148098.0,1455.0,1760.0,False,1580.47,0.0,165604.0,1,0,1.2096219931271477,10,167184.47,-0.7929362123355987,0.12936752828055476
2023,Uttarakhand,0.0,0.0,0.0,0.0,0.0,0.0,0.0,0.0,0.0,1470.0,249.74,0.0,23.99,0.0,0.0,0.0,0.0,0.0,0.0,0.0,0.0,0.0,0.0,28.95,0.0,159.0,15590.0,0.0,7.8,825150.0,1347.0,1721.0,False,1939.48,0.0,840740.0,1,0,1.2776540460282109,9,842679.48,4.040417211000519,0.11765691749422277
2024,Uttarakhand,0.0,0.0,0.0,0.37,0.0,0.0,0.0,0.0,0.0,1949.0,260.0,0.0,21.19,0.0,0.0,2058.0,0.0,0.57,0.0,0.0,0.0,0.0,0.0,18.0,0.0,464.0,17710.0,0.0,0.0,250391.0,1115.0,1450.0,False,2713.13,0.0,270159.0,1,0,1.3004484304932735,11,272872.13,-0.6761851493049291,0.14090002370502785
2018,West Bengal,0.0,197.0,0.0,0.2,0.0,0.0,0.0,0.0,0.0,25062.0,12.09,0.0,43.95,0.0,0.0,131.0,0.0,0.02,0.0,0.0,0.0,0.02,0.0,24.1,0.0,4739.82,10095.0,2417.0,0.21,13402.0,789.0,1242.0,False,30079.41,0.0,26045.0,1,1,1.5741444866920151,14,56124.41,0.0,0.17940795555049688
2019,West Bengal,17.14,1410.5,0.0,0.0,0.0,0.0,0.0,0.35,0.0,13830.0,6.97,0.0,33.12,110.1,79.7,0.0,0.0,0.0,0.0,0.0,0.0,0.0,0.0,181.56,0.0,3333.0,0.0,40000.0,2.96,2990.0,546.0,889.0,False,19005.4,0.0,42990.0,1,1,1.6282051282051282,13,61995.4,0.10460671212401151,0.1627801265624132
2020,West Bengal,100.0,233.72,0.0,0.0,416.51,2228.86,0.0,10.16,0.0,25908.0,70.88,0.0,59.78,0.0,0.0,0.0,0.0,0.0,0.0,0.0,0.0,2.51,0.0,88.1,0.0,0.0,217.0,234007.0,17.63,342440.0,1356.0,2154.0,False,26907.29,2228.86,576664.0,1,1,1.5884955752212389,15,605800.15,8.771695158027853,0.20218614279351924
2021,West Bengal,215.3,3.96,0.0,4.06,478.1,838.77,0.0,12.85,0.0,31169.0,8.84,0.0,128.93,0.0,0.0,0.0,0.0,0.0,0.0,0.0,0.0,4.35,0.0,22.48,0.0,1022.0,3696.0,389846.0,38.23,681944.0,1888.0,2943.0,False,33108.1,838.77,1075486.0,1,1,1.558792372881356,17,1109432.87,0.8313512632837745,0.23866072625446405
2022,West Bengal,0.0,1.0,0.0,0.5,344.55,2921.89,23.33,0.03,0.0,23647.0,0.14,0.0,182.94,1.0,0.0,0.0,0.0,0.18,0.0,0.0,0.0,55.18,0.0,54.79,0.0,892.0,12861.0,490223.0,34.78,924092.0,1593.0,2419.0,False,25214.09,2945.22,1427176.0,1,1,1.5185185185185186,19,1455335.31,0.31178311852252927,0.2662094019785417
2023,West Bengal,0.07,0.21,0.0,4.29,29.62,70.16,50.13,0.0,0.0,19928.0,13.1,0.0,117.72,0.0,0.0,0.0,0.0,0.0,0.0,0.0,0.0,119.37,0.0,58.03,0.0,89.0,27834.0,508112.0,12.2,258502.0,1005.0,1469.0,False,20371.61,120.29,794448.0,1,1,1.4616915422885572,17,814939.9,-0.44003289523704336,0.22845284736962315
2024,West Bengal,0.0,6.0,0.0,0.62,0.0,265.37,0.0,0.0,0.0,21050.0,2.0,0.0,116.43,0.0,0.0,0.0,0.0,0.11,0.07,0.0,0.0,11.81,0.0,99.0,154057.0,551.0,19539.0,1137573.0,13.6,1721160.0,1089.0,1648.0,False,21850.64,265.37,3032329.0,1,1,1.5133149678604223,17,3054445.01,2.748061679149591,0.24130832662442803
